{"producer":{"name":"Blender","version":"2.81 (sub 16)","exporter_version":"6.3.1","file":"botrun8jump3crouch4.babylon"},
"autoClear":true,"clearColor":[0.0509,0.0509,0.0509],"gravity":[0,-9.81,0],
"materials":[{"name":"Material.001","id":"Material.001","customType":"BABYLON.PBRMaterial","backFaceCulling":true,"checkReadyOnlyOnce":false,"maxSimultaneousLights":4,"environmentIntensity":1,"albedo":[0.8,0.8,0.8],"reflectivity":[0.5,0.5,0.5],"roughness":0.4,"alpha":1,"transparencyMode":0,"alphaCutOff":0.4,"metallic":0}],
"multiMaterials":[],
"skeletons":[{"name":"Armature","id":0,"dimensionsAtRest":[18.9956,110.6547,32.6258],"bones":[
{"name":"mixamorig:Hips","index":0,"matrix":[1,0,0,0,0,1,0,0,0,0,-1,0,0,99.7919,-0.0001,1],"rest":[1,0,0,0,0,1,0,0,0,0,-1,0,0,99.6721,-0.2471,1],"parentBoneIndex":-1,"length":10.8627
,"animation":{"dataType":3,"framePerSecond":30,"keys":[
{"frame":1,"values":[0.8942,-0.0456,-0.4453,0,0.0472,0.9989,-0.0076,0,-0.4451,0.0142,-0.8954,0,0.0469,70.6451,-0.9121,1]},
{"frame":2,"values":[0.8991,-0.0695,-0.4323,0,0.0637,0.9976,-0.0278,0,-0.4332,0.0025,-0.9013,0,0.1533,70.3485,-1.0155,1]},
{"frame":3,"values":[0.9044,-0.0924,-0.4165,0,0.0798,0.9957,-0.0476,0,-0.4191,-0.0098,-0.9079,0,0.2363,70.0878,-1.0292,1]},
{"frame":4,"values":[0.9095,-0.1142,-0.3998,0,0.0954,0.9932,-0.0667,0,-0.4047,-0.0225,-0.9142,0,0.3086,69.9689,-0.9964,1]},
{"frame":5,"values":[0.9133,-0.1354,-0.3841,0,0.111,0.9902,-0.0852,0,-0.3918,-0.0352,-0.9194,0,0.3836,70.0839,-0.9366,1]},
{"frame":6,"values":[0.9153,-0.1555,-0.3715,0,0.126,0.9867,-0.1027,0,-0.3825,-0.0472,-0.9227,0,0.4657,70.5971,-0.8985,1]},
{"frame":7,"values":[0.915,-0.175,-0.3635,0,0.1403,0.9828,-0.12,0,-0.3783,-0.0588,-0.9238,0,0.5545,71.2468,-0.921,1]},
{"frame":8,"values":[0.9125,-0.185,-0.3648,0,0.151,0.9813,-0.1197,0,-0.3801,-0.0542,-0.9234,0,0.61,71.8431,-0.9492,1]},
{"frame":9,"values":[0.909,-0.1895,-0.3712,0,0.1571,0.9807,-0.116,0,-0.386,-0.0471,-0.9213,0,0.6493,72.3357,-1.1747,1]},
{"frame":10,"values":[0.9037,-0.1924,-0.3825,0,0.1615,0.9805,-0.1116,0,-0.3965,-0.0391,-0.9172,0,0.6675,72.8421,-1.2814,1]},
{"frame":11,"values":[0.8971,-0.1933,-0.3974,0,0.1641,0.9807,-0.1066,0,-0.4103,-0.0304,-0.9115,0,0.67,73.1732,-1.3401,1]},
{"frame":12,"values":[0.8898,-0.1906,-0.4147,0,0.1634,0.9814,-0.1004,0,-0.4261,-0.0216,-0.9044,0,0.6306,73.1047,-1.4058,1]},
{"frame":13,"values":[0.8815,-0.1862,-0.4338,0,0.1612,0.9824,-0.094,0,-0.4437,-0.0129,-0.8961,0,0.5679,72.842,-1.3761,1]},
{"frame":14,"values":[0.8725,-0.1805,-0.4541,0,0.1579,0.9836,-0.0877,0,-0.4625,-0.0048,-0.8866,0,0.514,72.5174,-1.2725,1]},
{"frame":15,"values":[0.8627,-0.1736,-0.4749,0,0.1533,0.9848,-0.0815,0,-0.4819,0.0025,-0.8762,0,0.4812,72.1237,-1.1592,1]},
{"frame":16,"values":[0.8527,-0.1632,-0.4962,0,0.1454,0.9866,-0.0745,0,-0.5017,0.0086,-0.865,0,0.4253,71.5911,-1.0086,1]},
{"frame":17,"values":[0.8423,-0.1519,-0.5171,0,0.1364,0.9883,-0.0681,0,-0.5214,0.0132,-0.8532,0,0.3923,71.0105,-0.8826,1]},
{"frame":18,"values":[0.8324,-0.1394,-0.5364,0,0.1258,0.9901,-0.0621,0,-0.5398,0.0158,-0.8417,0,0.3687,70.3612,-0.7944,1]},
{"frame":19,"values":[0.8238,-0.1252,-0.5529,0,0.1129,0.992,-0.0564,0,-0.5556,0.016,-0.8313,0,0.3477,69.6635,-0.6932,1]},
{"frame":20,"values":[0.8177,-0.1098,-0.5651,0,0.098,0.9939,-0.0513,0,-0.5673,0.0135,-0.8234,0,0.3008,69.5143,-0.6306,1]},
{"frame":21,"values":[0.814,-0.0925,-0.5735,0,0.0803,0.9957,-0.0465,0,-0.5753,0.0082,-0.8179,0,0.2079,69.8032,-0.4825,1]},
{"frame":22,"values":[0.8126,-0.0755,-0.5779,0,0.0615,0.9971,-0.0438,0,-0.5796,0,-0.8149,0,0.0907,70.2575,-0.414,1]},
{"frame":23,"values":[0.814,-0.0584,-0.578,0,0.0413,0.9982,-0.0427,0,-0.5795,-0.0109,-0.8149,0,-0.0618,70.7498,-0.3989,1]},
{"frame":24,"values":[0.8191,-0.0454,-0.5719,0,0.0268,0.9988,-0.0409,0,-0.5731,-0.0182,-0.8193,0,-0.1706,71.2198,-0.4643,1]},
{"frame":25,"values":[0.8272,-0.039,-0.5605,0,0.0212,0.999,-0.0382,0,-0.5615,-0.0197,-0.8273,0,-0.2145,71.5179,-0.6341,1]},
{"frame":26,"values":[0.8374,-0.0382,-0.5452,0,0.0228,0.9991,-0.035,0,-0.546,-0.0169,-0.8376,0,-0.2106,71.5555,-0.8761,1]},
{"frame":27,"values":[0.8492,-0.0409,-0.5265,0,0.0289,0.9991,-0.0311,0,-0.5273,-0.0112,-0.8496,0,-0.1662,71.4281,-1.0502,1]},
{"frame":28,"values":[0.8617,-0.0441,-0.5056,0,0.036,0.999,-0.0257,0,-0.5062,-0.0039,-0.8624,0,-0.0978,71.2508,-1.0833,1]},
{"frame":29,"values":[0.8738,-0.047,-0.4841,0,0.0428,0.9989,-0.0197,0,-0.4845,0.0035,-0.8748,0,-0.0255,71.0293,-1.0501,1]},
{"frame":30,"values":[0.8848,-0.0478,-0.4635,0,0.047,0.9988,-0.0134,0,-0.4636,0.01,-0.886,0,0.029,70.8128,-0.9743,1]},
{"frame":31,"values":[0.8942,-0.0456,-0.4453,0,0.0472,0.9989,-0.0076,0,-0.4451,0.0142,-0.8954,0,0.0471,70.6451,-0.9122,1]},
{"frame":41,"values":[0.9086,0.0481,-0.4149,0,-0.0536,0.9986,-0.0016,0,-0.4142,-0.0237,-0.9099,0,-0.2671,70.6272,-0.8996,1]},
{"frame":42,"values":[0.8998,0.0456,-0.4339,0,-0.0532,0.9986,-0.0055,0,-0.433,-0.028,-0.901,0,-0.2531,70.8016,0.4056,1]},
{"frame":43,"values":[0.8892,0.0469,-0.4551,0,-0.0574,0.9983,-0.0094,0,-0.4539,-0.0345,-0.8904,0,-0.2562,71.0302,0.5478,1]},
{"frame":44,"values":[0.8773,0.0492,-0.4774,0,-0.0633,0.9979,-0.0134,0,-0.4758,-0.0419,-0.8786,0,-0.2592,71.2419,1.4038,1]},
{"frame":45,"values":[0.865,0.0524,-0.4989,0,-0.0699,0.9974,-0.0165,0,-0.4968,-0.0492,-0.8665,0,-0.2608,71.4252,2.5003,1]},
{"frame":46,"values":[0.8535,0.0548,-0.5182,0,-0.0753,0.997,-0.0186,0,-0.5156,-0.0549,-0.8551,0,-0.2549,71.5297,3.6792,1]},
{"frame":47,"values":[0.8438,0.0549,-0.5338,0,-0.0773,0.9968,-0.0196,0,-0.531,-0.0578,-0.8454,0,-0.2257,71.5073,4.1836,1]},
{"frame":48,"values":[0.8363,0.0479,-0.5462,0,-0.0711,0.9972,-0.0213,0,-0.5437,-0.0567,-0.8374,0,-0.1761,71.173,2.9818,1]},
{"frame":49,"values":[0.8324,0.034,-0.5531,0,-0.0559,0.9982,-0.0228,0,-0.5513,-0.0499,-0.8328,0,-0.1511,70.7055,0.7755,1]},
{"frame":50,"values":[0.8326,0.0148,-0.5536,0,-0.0343,0.9991,-0.0249,0,-0.5527,-0.0397,-0.8324,0,-0.1326,70.2154,-1.9625,1]},
{"frame":51,"values":[0.8362,-0.0036,-0.5485,0,-0.0146,0.9995,-0.0288,0,-0.5483,-0.0321,-0.8357,0,-0.1382,69.8947,-4.0815,1]},
{"frame":52,"values":[0.8419,-0.0233,-0.5392,0,0.0048,0.9994,-0.0356,0,-0.5397,-0.0274,-0.8414,0,-0.1375,69.7333,-4.1544,1]},
{"frame":53,"values":[0.8489,-0.0384,-0.5271,0,0.0193,0.9989,-0.0418,0,-0.5281,-0.0253,-0.8488,0,-0.1565,69.8391,-4.3277,1]},
{"frame":54,"values":[0.8579,-0.0512,-0.5112,0,0.0308,0.9984,-0.0484,0,-0.5129,-0.0258,-0.8581,0,-0.1487,70.4233,-4.2439,1]},
{"frame":55,"values":[0.8681,-0.0622,-0.4925,0,0.0399,0.9977,-0.0555,0,-0.4948,-0.0286,-0.8686,0,-0.1013,70.9909,-4.219,1]},
{"frame":56,"values":[0.8785,-0.0725,-0.4722,0,0.048,0.9968,-0.0636,0,-0.4753,-0.0332,-0.8792,0,-0.0142,71.5438,-4.124,1]},
{"frame":57,"values":[0.8884,-0.082,-0.4516,0,0.0551,0.9959,-0.0724,0,-0.4557,-0.0394,-0.8893,0,0.102,72.0644,-3.9149,1]},
{"frame":58,"values":[0.898,-0.0877,-0.4311,0,0.0586,0.995,-0.0803,0,-0.436,-0.0468,-0.8987,0,0.1929,72.4393,-3.6651,1]},
{"frame":59,"values":[0.9069,-0.0927,-0.4111,0,0.0615,0.9942,-0.0886,0,-0.4169,-0.0551,-0.9073,0,0.2944,72.7705,-3.5037,1]},
{"frame":60,"values":[0.9147,-0.0971,-0.3922,0,0.0638,0.9932,-0.0971,0,-0.399,-0.0638,-0.9147,0,0.3867,73.0209,-3.4859,1]},
{"frame":61,"values":[0.9216,-0.0996,-0.3752,0,0.0646,0.9924,-0.105,0,-0.3828,-0.0725,-0.921,0,0.4499,73.0904,-3.6992,1]},
{"frame":62,"values":[0.9273,-0.0999,-0.3609,0,0.0633,0.9917,-0.112,0,-0.3691,-0.081,-0.9259,0,0.4757,72.8889,-4.2589,1]},
{"frame":63,"values":[0.9317,-0.0968,-0.3501,0,0.0588,0.9913,-0.1174,0,-0.3584,-0.0888,-0.9293,0,0.464,72.4903,-5.2325,1]},
{"frame":64,"values":[0.9346,-0.0907,-0.3438,0,0.0515,0.9913,-0.1213,0,-0.3518,-0.0956,-0.9312,0,0.4304,71.964,-5.5425,1]},
{"frame":65,"values":[0.9363,-0.0796,-0.342,0,0.04,0.9918,-0.1215,0,-0.3488,-0.1001,-0.9318,0,0.3628,71.243,-5.2644,1]},
{"frame":66,"values":[0.9357,-0.0574,-0.3482,0,0.0228,0.9945,-0.1026,0,-0.3521,-0.088,-0.9318,0,0.2687,70.6825,-4.6676,1]},
{"frame":67,"values":[0.9327,-0.0366,-0.3588,0,0.0069,0.9965,-0.0836,0,-0.3606,-0.0754,-0.9297,0,0.1624,70.1545,-4.025,1]},
{"frame":68,"values":[0.9277,-0.017,-0.3729,0,-0.0075,0.9979,-0.0641,0,-0.3732,-0.0622,-0.9257,0,0.0503,69.9389,-3.7075,1]},
{"frame":69,"values":[0.9214,0.0031,-0.3887,0,-0.0219,0.9988,-0.0439,0,-0.3881,-0.049,-0.9203,0,-0.058,69.9742,-3.8132,1]},
{"frame":70,"values":[0.9146,0.0252,-0.4035,0,-0.0376,0.999,-0.0228,0,-0.4025,-0.036,-0.9147,0,-0.1648,70.2375,-3.4312,1]},
{"frame":71,"values":[0.9086,0.0481,-0.4149,0,-0.0536,0.9986,-0.0016,0,-0.4142,-0.0237,-0.9099,0,-0.2671,70.6272,-0.8996,1]},
{"frame":81,"values":[0.2753,0.1799,-0.9444,0,-0.0212,0.9832,0.1811,0,-0.9611,0.0298,-0.2745,0,-0.8629,70.9159,0.1305,1]},
{"frame":82,"values":[0.2898,0.1702,-0.9418,0,-0.0306,0.9852,0.1686,0,-0.9566,0.02,-0.2908,0,-0.9456,70.761,-0.008,1]},
{"frame":83,"values":[0.3037,0.1562,-0.9399,0,-0.0424,0.9877,0.1504,0,-0.9518,0.0059,-0.3066,0,-1.0086,70.5641,-0.2499,1]},
{"frame":84,"values":[0.3178,0.1412,-0.9376,0,-0.0551,0.9899,0.1304,0,-0.9466,-0.0102,-0.3224,0,-0.9974,70.6004,-0.598,1]},
{"frame":85,"values":[0.3321,0.1266,-0.9347,0,-0.0671,0.9916,0.1104,0,-0.9408,-0.0261,-0.3378,0,-0.8967,70.9855,-1.0046,1]},
{"frame":86,"values":[0.3459,0.1123,-0.9315,0,-0.0763,0.9929,0.0914,0,-0.9352,-0.0394,-0.352,0,-0.7115,71.7236,-1.4281,1]},
{"frame":87,"values":[0.3588,0.0985,-0.9282,0,-0.0805,0.994,0.0744,0,-0.9299,-0.0481,-0.3645,0,-0.5303,72.5181,-1.8731,1]},
{"frame":88,"values":[0.3712,0.0874,-0.9244,0,-0.0801,0.9949,0.0619,0,-0.9251,-0.051,-0.3763,0,-0.5607,73.1631,-2.3255,1]},
{"frame":89,"values":[0.3795,0.0796,-0.9218,0,-0.0766,0.9956,0.0545,0,-0.922,-0.0499,-0.3839,0,-0.7909,73.4837,-2.797,1]},
{"frame":90,"values":[0.3741,0.0731,-0.9245,0,-0.07,0.9963,0.0504,0,-0.9248,-0.0458,-0.3778,0,-0.9271,73.5349,-3.2157,1]},
{"frame":91,"values":[0.3555,0.0689,-0.9321,0,-0.0613,0.9969,0.0503,0,-0.9327,-0.0392,-0.3586,0,-0.9341,73.5095,-3.5628,1]},
{"frame":92,"values":[0.3358,0.0689,-0.9394,0,-0.0532,0.9971,0.0541,0,-0.9404,-0.0318,-0.3385,0,-0.9439,73.4481,-3.8315,1]},
{"frame":93,"values":[0.3146,0.0716,-0.9465,0,-0.0466,0.9971,0.0599,0,-0.9481,-0.0253,-0.317,0,-0.9123,73.3792,-4.0158,1]},
{"frame":94,"values":[0.2919,0.0761,-0.9534,0,-0.0427,0.9969,0.0665,0,-0.9555,-0.0213,-0.2942,0,-0.8549,73.232,-4.0961,1]},
{"frame":95,"values":[0.268,0.0833,-0.9598,0,-0.0426,0.9963,0.0746,0,-0.9625,-0.0209,-0.2706,0,-0.8106,72.979,-4.0521,1]},
{"frame":96,"values":[0.2433,0.0917,-0.9656,0,-0.0465,0.9955,0.0828,0,-0.9688,-0.0247,-0.2465,0,-0.8237,72.6593,-3.8996,1]},
{"frame":97,"values":[0.2183,0.105,-0.9702,0,-0.0543,0.994,0.0953,0,-0.9744,-0.0319,-0.2227,0,-0.8072,72.1687,-3.6176,1]},
{"frame":98,"values":[0.1931,0.1188,-0.974,0,-0.0636,0.9921,0.1084,0,-0.9791,-0.041,-0.1991,0,-0.7316,71.669,-3.272,1]},
{"frame":99,"values":[0.1682,0.1314,-0.9769,0,-0.0727,0.99,0.1207,0,-0.9831,-0.0507,-0.1761,0,-0.6169,71.308,-2.9245,1]},
{"frame":100,"values":[0.1454,0.1421,-0.9791,0,-0.0801,0.9881,0.1315,0,-0.9861,-0.0593,-0.1551,0,-0.5347,71.4223,-2.575,1]},
{"frame":101,"values":[0.1257,0.1528,-0.9802,0,-0.0849,0.9861,0.1428,0,-0.9884,-0.0652,-0.1369,0,-0.4607,72.022,-2.1812,1]},
{"frame":102,"values":[0.1155,0.1627,-0.9799,0,-0.0859,0.9844,0.1534,0,-0.9896,-0.0664,-0.1277,0,-0.4972,72.6621,-1.7451,1]},
{"frame":103,"values":[0.1267,0.1733,-0.9767,0,-0.0828,0.983,0.1636,0,-0.9885,-0.0601,-0.1389,0,-0.5396,73.1096,-1.2972,1]},
{"frame":104,"values":[0.1443,0.1829,-0.9725,0,-0.075,0.982,0.1736,0,-0.9867,-0.0479,-0.1554,0,-0.6075,73.1642,-0.8976,1]},
{"frame":105,"values":[0.1635,0.191,-0.9679,0,-0.0641,0.9811,0.1827,0,-0.9845,-0.0321,-0.1727,0,-0.6119,73.1208,-0.5283,1]},
{"frame":106,"values":[0.1835,0.1962,-0.9632,0,-0.0514,0.9805,0.1899,0,-0.9817,-0.0146,-0.19,0,-0.6309,72.8417,-0.2122,1]},
{"frame":107,"values":[0.2037,0.198,-0.9588,0,-0.0386,0.9802,0.1942,0,-0.9783,0.0025,-0.2073,0,-0.685,72.4064,-0.018,1]},
{"frame":108,"values":[0.2235,0.1965,-0.9547,0,-0.0275,0.9803,0.1954,0,-0.9743,0.0174,-0.2245,0,-0.7505,71.9688,0.1142,1]},
{"frame":109,"values":[0.2425,0.1926,-0.9508,0,-0.0197,0.9809,0.1937,0,-0.97,0.0282,-0.2416,0,-0.7979,71.5479,0.1869,1]},
{"frame":110,"values":[0.2608,0.1878,-0.947,0,-0.0172,0.9817,0.1899,0,-0.9652,0.0332,-0.2593,0,-0.8224,71.1656,0.199,1]},
{"frame":111,"values":[0.2753,0.1799,-0.9444,0,-0.0212,0.9832,0.1811,0,-0.9611,0.0298,-0.2745,0,-0.8629,70.9159,0.1305,1]},
{"frame":121,"values":[0.283,0.1771,-0.9426,0,-0.0224,0.9838,0.1781,0,-0.9589,0.0293,-0.2823,0,-0.5744,70.4741,0.0819,1]},
{"frame":122,"values":[0.2649,0.1828,-0.9468,0,-0.0246,0.9828,0.1828,0,-0.964,0.0251,-0.2648,0,-0.5219,70.9367,0.0882,1]},
{"frame":123,"values":[0.2456,0.186,-0.9514,0,-0.0319,0.9824,0.1838,0,-0.9688,0.0148,-0.2472,0,-0.4214,71.381,0.0146,1]},
{"frame":124,"values":[0.2258,0.1875,-0.956,0,-0.0429,0.9823,0.1825,0,-0.9732,0.0002,-0.2298,0,-0.2632,71.8636,-0.114,1]},
{"frame":125,"values":[0.2058,0.1867,-0.9606,0,-0.0559,0.9823,0.179,0,-0.977,-0.0169,-0.2126,0,-0.0509,72.3706,-0.2892,1]},
{"frame":126,"values":[0.186,0.1822,-0.9655,0,-0.0688,0.9827,0.1722,0,-0.9801,-0.0344,-0.1953,0,0.153,72.713,-0.5123,1]},
{"frame":127,"values":[0.1671,0.1747,-0.9703,0,-0.0803,0.9833,0.1633,0,-0.9827,-0.0506,-0.1783,0,0.3447,72.8025,-0.7686,1]},
{"frame":128,"values":[0.15,0.1654,-0.9747,0,-0.0886,0.9842,0.1534,0,-0.9847,-0.0633,-0.1623,0,0.5611,72.7971,-1.0404,1]},
{"frame":129,"values":[0.1374,0.1548,-0.9783,0,-0.0922,0.9854,0.143,0,-0.9862,-0.0706,-0.1497,0,0.7153,72.3981,-1.2966,1]},
{"frame":130,"values":[0.1471,0.1433,-0.9787,0,-0.0913,0.9872,0.1308,0,-0.9849,-0.0701,-0.1583,0,0.7259,71.8985,-1.5482,1]},
{"frame":131,"values":[0.1667,0.1307,-0.9773,0,-0.0863,0.9893,0.1176,0,-0.9822,-0.0648,-0.1762,0,0.6813,71.3958,-1.8083,1]},
{"frame":132,"values":[0.1885,0.1188,-0.9749,0,-0.0786,0.9913,0.1056,0,-0.9789,-0.0567,-0.1962,0,0.7143,71.2364,-2.0433,1]},
{"frame":133,"values":[0.2128,0.1069,-0.9712,0,-0.0694,0.9931,0.0942,0,-0.9746,-0.0473,-0.2187,0,0.7265,71.4698,-2.2564,1]},
{"frame":134,"values":[0.2381,0.0952,-0.9666,0,-0.0601,0.9947,0.0831,0,-0.9694,-0.0383,-0.2425,0,0.7233,71.8281,-2.4634,1]},
{"frame":135,"values":[0.2634,0.0844,-0.961,0,-0.0523,0.996,0.0731,0,-0.9633,-0.031,-0.2667,0,0.7192,72.2075,-2.6407,1]},
{"frame":136,"values":[0.2882,0.0769,-0.9545,0,-0.0479,0.9967,0.0658,0,-0.9564,-0.0268,-0.2909,0,0.7035,72.5308,-2.765,1]},
{"frame":137,"values":[0.3123,0.0703,-0.9474,0,-0.0475,0.9972,0.0583,0,-0.9488,-0.0268,-0.3147,0,0.6007,72.8223,-2.8358,1]},
{"frame":138,"values":[0.3353,0.0662,-0.9398,0,-0.0513,0.9973,0.0519,0,-0.9407,-0.0308,-0.3378,0,0.4775,73.003,-2.8244,1]},
{"frame":139,"values":[0.3572,0.0637,-0.9319,0,-0.0576,0.9973,0.0461,0,-0.9323,-0.0372,-0.3599,0,0.3487,73.1403,-2.7488,1]},
{"frame":140,"values":[0.3775,0.0652,-0.9237,0,-0.0659,0.9969,0.0434,0,-0.9237,-0.0445,-0.3806,0,0.2299,73.2287,-2.6053,1]},
{"frame":141,"values":[0.3972,0.0708,-0.915,0,-0.0751,0.9962,0.0445,0,-0.9147,-0.051,-0.401,0,0.0832,73.2598,-2.4014,1]},
{"frame":142,"values":[0.4044,0.0786,-0.9112,0,-0.0824,0.9954,0.0492,0,-0.9109,-0.0552,-0.409,0,0.0308,73.2446,-2.143,1]},
{"frame":143,"values":[0.3988,0.0836,-0.9132,0,-0.0851,0.9949,0.0539,0,-0.9131,-0.0562,-0.4039,0,0.2348,72.6059,-1.9015,1]},
{"frame":144,"values":[0.3853,0.0945,-0.9179,0,-0.0862,0.9941,0.0662,0,-0.9188,-0.0536,-0.3911,0,0.0514,72.009,-1.6017,1]},
{"frame":145,"values":[0.3721,0.1079,-0.9219,0,-0.0826,0.9931,0.0829,0,-0.9245,-0.0453,-0.3785,0,-0.1791,71.2574,-1.2625,1]},
{"frame":146,"values":[0.3578,0.1227,-0.9257,0,-0.0744,0.9919,0.1028,0,-0.9308,-0.0321,-0.3641,0,-0.4703,70.5843,-0.9213,1]},
{"frame":147,"values":[0.3428,0.1355,-0.9296,0,-0.0623,0.9906,0.1215,0,-0.9373,-0.0163,-0.3481,0,-0.5993,70.0901,-0.6264,1]},
{"frame":148,"values":[0.3275,0.1488,-0.933,0,-0.0493,0.9889,0.1404,0,-0.9436,0,-0.3312,0,-0.6893,69.9812,-0.3598,1]},
{"frame":149,"values":[0.3124,0.1597,-0.9364,0,-0.0367,0.9871,0.1561,0,-0.9492,0.0144,-0.3142,0,-0.6925,70.0734,-0.1675,1]},
{"frame":150,"values":[0.2966,0.1643,-0.9408,0,-0.0255,0.9861,0.1642,0,-0.9547,0.0247,-0.2967,0,-0.6683,70.0688,-0.0729,1]},
{"frame":151,"values":[0.283,0.1771,-0.9426,0,-0.0224,0.9838,0.1781,0,-0.9589,0.0293,-0.2823,0,-0.5744,70.4699,0.0808,1]},
{"frame":161,"values":[0.5954,0.0329,-0.8027,0,-0.0195,0.9995,0.0264,0,-0.8032,0,-0.5958,0,-0.4995,93.7276,-0.4047,1]},
{"frame":162,"values":[0.5955,0.0332,-0.8027,0,-0.0198,0.9994,0.0267,0,-0.8031,0,-0.5958,0,-0.5082,93.7154,-0.4,1]},
{"frame":163,"values":[0.5956,0.0335,-0.8026,0,-0.0199,0.9994,0.0269,0,-0.8031,0.0001,-0.5959,0,-0.5162,93.6993,-0.3946,1]},
{"frame":164,"values":[0.5956,0.0337,-0.8026,0,-0.02,0.9994,0.0271,0,-0.803,0.0001,-0.5959,0,-0.5234,93.6809,-0.3887,1]},
{"frame":165,"values":[0.5956,0.0339,-0.8025,0,-0.0201,0.9994,0.0272,0,-0.803,0.0001,-0.596,0,-0.5297,93.6621,-0.3824,1]},
{"frame":166,"values":[0.5957,0.034,-0.8025,0,-0.0202,0.9994,0.0273,0,-0.803,0.0001,-0.596,0,-0.5347,93.6443,-0.3763,1]},
{"frame":167,"values":[0.5957,0.0341,-0.8025,0,-0.0203,0.9994,0.0274,0,-0.803,0.0001,-0.596,0,-0.5383,93.6294,-0.3707,1]},
{"frame":168,"values":[0.5957,0.0342,-0.8025,0,-0.0204,0.9994,0.0275,0,-0.803,0.0001,-0.596,0,-0.5402,93.6191,-0.3661,1]},
{"frame":169,"values":[0.5957,0.0342,-0.8025,0,-0.0204,0.9994,0.0275,0,-0.803,0.0001,-0.596,0,-0.5378,93.6148,-0.3641,1]},
{"frame":170,"values":[0.5956,0.0339,-0.8026,0,-0.0201,0.9994,0.0272,0,-0.803,0.0001,-0.5959,0,-0.5272,93.6154,-0.3674,1]},
{"frame":171,"values":[0.5955,0.0334,-0.8027,0,-0.0198,0.9994,0.0268,0,-0.8031,0,-0.5958,0,-0.5136,93.6171,-0.3723,1]},
{"frame":172,"values":[0.5954,0.0327,-0.8028,0,-0.0195,0.9995,0.0263,0,-0.8032,0,-0.5957,0,-0.4979,93.6181,-0.379,1]},
{"frame":173,"values":[0.5953,0.0321,-0.8029,0,-0.0191,0.9995,0.0258,0,-0.8033,0,-0.5956,0,-0.4816,93.621,-0.3859,1]},
{"frame":174,"values":[0.5952,0.0315,-0.803,0,-0.0187,0.9995,0.0254,0,-0.8034,0,-0.5955,0,-0.4662,93.6253,-0.3928,1]},
{"frame":175,"values":[0.5951,0.031,-0.803,0,-0.0184,0.9995,0.0249,0,-0.8034,0,-0.5954,0,-0.4531,93.6315,-0.3989,1]},
{"frame":176,"values":[0.595,0.0306,-0.8031,0,-0.0182,0.9995,0.0246,0,-0.8035,0,-0.5953,0,-0.4423,93.6382,-0.4054,1]},
{"frame":177,"values":[0.595,0.0301,-0.8032,0,-0.0179,0.9995,0.0242,0,-0.8035,0,-0.5952,0,-0.4331,93.6455,-0.4124,1]},
{"frame":178,"values":[0.5949,0.0298,-0.8032,0,-0.0177,0.9996,0.0239,0,-0.8036,0,-0.5952,0,-0.4256,93.6525,-0.4195,1]},
{"frame":179,"values":[0.5948,0.0294,-0.8033,0,-0.0175,0.9996,0.0237,0,-0.8037,0,-0.5951,0,-0.42,93.6601,-0.4263,1]},
{"frame":180,"values":[0.5948,0.0291,-0.8034,0,-0.0173,0.9996,0.0234,0,-0.8037,0,-0.595,0,-0.415,93.6682,-0.433,1]},
{"frame":181,"values":[0.5947,0.0288,-0.8034,0,-0.0171,0.9996,0.0232,0,-0.8038,0,-0.595,0,-0.4114,93.6767,-0.4388,1]},
{"frame":182,"values":[0.5947,0.0287,-0.8035,0,-0.017,0.9996,0.023,0,-0.8038,0,-0.5949,0,-0.41,93.6855,-0.4428,1]},
{"frame":183,"values":[0.5947,0.0287,-0.8035,0,-0.0171,0.9996,0.0231,0,-0.8038,0,-0.5949,0,-0.4119,93.6951,-0.4436,1]},
{"frame":184,"values":[0.5947,0.029,-0.8034,0,-0.0173,0.9996,0.0233,0,-0.8038,0,-0.595,0,-0.4191,93.7028,-0.441,1]},
{"frame":185,"values":[0.5948,0.0295,-0.8033,0,-0.0175,0.9996,0.0237,0,-0.8037,0,-0.595,0,-0.4301,93.7095,-0.4368,1]},
{"frame":186,"values":[0.5949,0.0301,-0.8033,0,-0.0179,0.9995,0.0242,0,-0.8036,0,-0.5951,0,-0.4429,93.7157,-0.4318,1]},
{"frame":187,"values":[0.595,0.0307,-0.8031,0,-0.0182,0.9995,0.0247,0,-0.8035,0,-0.5953,0,-0.4564,93.7209,-0.4263,1]},
{"frame":188,"values":[0.5951,0.0313,-0.803,0,-0.0186,0.9995,0.0252,0,-0.8034,0,-0.5954,0,-0.4696,93.725,-0.4206,1]},
{"frame":189,"values":[0.5952,0.0319,-0.8029,0,-0.019,0.9995,0.0257,0,-0.8033,0,-0.5955,0,-0.4816,93.7276,-0.4149,1]},
{"frame":190,"values":[0.5954,0.0325,-0.8028,0,-0.0193,0.9995,0.0261,0,-0.8032,0,-0.5957,0,-0.4918,93.7287,-0.4095,1]},
{"frame":191,"values":[0.5954,0.0329,-0.8027,0,-0.0195,0.9995,0.0264,0,-0.8032,0,-0.5958,0,-0.4994,93.7276,-0.4047,1]},
{"frame":201,"values":[0.5954,0.0329,-0.8027,0,-0.0195,0.9995,0.0264,0,-0.8032,0,-0.5958,0,-0.4995,93.7276,-0.4048,1]},
{"frame":202,"values":[0.5956,0.0331,-0.8026,0,-0.0193,0.9995,0.0269,0,-0.8031,0.0005,-0.5959,0,-0.5186,93.7803,-0.3984,1]},
{"frame":203,"values":[0.5989,0.0419,-0.7997,0,-0.0194,0.9991,0.0378,0,-0.8006,0.0072,-0.5992,0,-0.6449,93.7488,-0.3225,1]},
{"frame":204,"values":[0.6072,0.0518,-0.7929,0,-0.0194,0.9985,0.0504,0,-0.7943,0.0152,-0.6073,0,-0.9815,93.5238,-0.245,1]},
{"frame":205,"values":[0.6215,0.0612,-0.7811,0,-0.0192,0.9978,0.0629,0,-0.7832,0.0241,-0.6213,0,-1.3884,93.369,-0.1588,1]},
{"frame":206,"values":[0.6507,0.0697,-0.7561,0,-0.019,0.997,0.0756,0,-0.7591,0.0348,-0.6501,0,-1.7949,93.305,-0.0748,1]},
{"frame":207,"values":[0.6763,0.0762,-0.7327,0,-0.0207,0.9962,0.0844,0,-0.7364,0.0419,-0.6753,0,-2.1458,93.3053,-0.042,1]},
{"frame":208,"values":[0.6617,0.0834,-0.7452,0,-0.0269,0.9958,0.0876,0,-0.7493,0.0379,-0.6611,0,-2.3988,93.3211,-0.0794,1]},
{"frame":209,"values":[0.6127,0.0886,-0.7853,0,-0.0369,0.9958,0.0836,0,-0.7894,0.0222,-0.6134,0,-2.4334,93.5299,-0.3923,1]},
{"frame":210,"values":[0.5782,0.0922,-0.8107,0,-0.0555,0.9957,0.0737,0,-0.814,-0.0024,-0.5808,0,-2.2439,93.7895,-0.4535,1]},
{"frame":211,"values":[0.5634,0.0914,-0.8211,0,-0.0852,0.995,0.0523,0,-0.8218,-0.0405,-0.5684,0,-1.9102,91.6741,-0.2227,1]},
{"frame":212,"values":[0.5661,0.0846,-0.82,0,-0.1226,0.9923,0.0177,0,-0.8152,-0.0905,-0.5721,0,-1.5554,86.8456,0.1187,1]},
{"frame":213,"values":[0.5784,0.0772,-0.8121,0,-0.1892,0.9811,-0.0415,0,-0.7935,-0.1776,-0.582,0,-1.0431,81.4138,0.8825,1]},
{"frame":214,"values":[0.5843,0.0765,-0.8079,0,-0.2575,0.9616,-0.0951,0,-0.7696,-0.2636,-0.5816,0,-0.5303,78.2961,1.8118,1]},
{"frame":215,"values":[0.5762,0.0828,-0.8131,0,-0.3158,0.9401,-0.1281,0,-0.7538,-0.3306,-0.5678,0,-0.0384,76.5904,2.7259,1]},
{"frame":216,"values":[0.5626,0.0996,-0.8207,0,-0.3496,0.9282,-0.1271,0,-0.7491,-0.3584,-0.557,0,0.3532,76.4969,3.4405,1]},
{"frame":217,"values":[0.5501,0.1184,-0.8267,0,-0.3559,0.9288,-0.1037,0,-0.7555,-0.3512,-0.553,0,0.5459,77.8534,3.6886,1]},
{"frame":218,"values":[0.5475,0.1158,-0.8287,0,-0.3027,0.9507,-0.0671,0,-0.7801,-0.2876,-0.5556,0,0.5116,80.6143,3.337,1]},
{"frame":219,"values":[0.5521,0.0936,-0.8285,0,-0.1939,0.9808,-0.0184,0,-0.8109,-0.1708,-0.5596,0,0.3754,84.5509,2.6227,1]},
{"frame":220,"values":[0.5562,0.0624,-0.8287,0,-0.0586,0.9976,0.0358,0,-0.829,-0.0286,-0.5585,0,0.2587,89.1577,1.4659,1]},
{"frame":221,"values":[0.556,0.0329,-0.8305,0,0.0722,0.9935,0.0878,0,-0.828,0.1088,-0.5501,0,0.1111,93.7917,0.0142,1]},
{"frame":231,"values":[0.556,0.033,-0.8305,0,0.0722,0.9935,0.0878,0,-0.828,0.1088,-0.5501,0,0.1111,93.794,0.0143,1]},
{"frame":232,"values":[0.549,0.1078,-0.8288,0,-0.2631,0.9635,-0.0489,0,-0.7933,-0.245,-0.5573,0,2.6074,78.1549,2.8136,1]},
{"frame":233,"values":[0.5534,0.1131,-0.8252,0,-0.358,0.9268,-0.1131,0,-0.7521,-0.358,-0.5534,0,3.0427,70.4015,3.3406,1]},
{"frame":234,"values":[0.565,0.0956,-0.8196,0,-0.3461,0.9291,-0.1301,0,-0.749,-0.3571,-0.558,0,2.538,68.8167,3.0884,1]},
{"frame":235,"values":[0.5764,0.082,-0.8131,0,-0.3139,0.9408,-0.1277,0,-0.7545,-0.3289,-0.568,0,1.7033,69.1636,2.4379,1]},
{"frame":236,"values":[0.5839,0.0768,-0.8082,0,-0.2644,0.9592,-0.0998,0,-0.7676,-0.272,-0.5804,0,0.7605,71.4645,1.6777,1]},
{"frame":237,"values":[0.5807,0.0763,-0.8106,0,-0.2065,0.9768,-0.0559,0,-0.7875,-0.1999,-0.583,0,-0.228,75.5626,0.8889,1]},
{"frame":238,"values":[0.5709,0.081,-0.817,0,-0.1476,0.989,-0.0051,0,-0.8076,-0.1235,-0.5766,0,-0.6052,81.3822,0.1801,1]},
{"frame":239,"values":[0.5633,0.0889,-0.8214,0,-0.0955,0.9945,0.0421,0,-0.8207,-0.0547,-0.5687,0,-0.4166,88.573,-0.0366,1]},
{"frame":240,"values":[0.5648,0.086,-0.8207,0,-0.092,0.9949,0.041,0,-0.8201,-0.0523,-0.5699,0,-0.3434,90.8514,-0.0216,1]},
{"frame":241,"values":[0.5689,0.0757,-0.8189,0,-0.081,0.9961,0.0358,0,-0.8184,-0.046,-0.5728,0,-0.2885,92.3183,-0.1186,1]},
{"frame":242,"values":[0.5739,0.0699,-0.816,0,-0.0706,0.9969,0.0358,0,-0.8159,-0.037,-0.577,0,-0.3094,92.8845,-0.0845,1]},
{"frame":243,"values":[0.5798,0.0618,-0.8124,0,-0.0578,0.9977,0.0346,0,-0.8127,-0.0269,-0.5821,0,-0.361,93.1801,-0.105,1]},
{"frame":244,"values":[0.5858,0.053,-0.8087,0,-0.0448,0.9985,0.033,0,-0.8092,-0.0169,-0.5873,0,-0.4431,93.3397,-0.1814,1]},
{"frame":245,"values":[0.591,0.0437,-0.8055,0,-0.0325,0.999,0.0303,0,-0.806,-0.0083,-0.5918,0,-0.4911,93.595,-0.2864,1]},
{"frame":246,"values":[0.5943,0.0361,-0.8034,0,-0.0233,0.9993,0.0277,0,-0.8039,-0.0022,-0.5947,0,-0.4951,93.7163,-0.3653,1]},
{"frame":247,"values":[0.5954,0.0329,-0.8027,0,-0.0195,0.9995,0.0264,0,-0.8032,0,-0.5958,0,-0.4995,93.7276,-0.4048,1]},
{"frame":261,"values":[0.9421,0.058,-0.3302,0,0.0126,0.9781,0.2078,0,-0.335,0.2,-0.9208,0,0.1128,86.3229,0.4493,1]},
{"frame":262,"values":[0.9427,0.0341,-0.3319,0,0.0471,0.9712,0.2335,0,-0.3303,0.2358,-0.9139,0,-0.9662,88.1583,-0.9496,1]},
{"frame":263,"values":[0.9337,0.0402,-0.3557,0,0.0427,0.9741,0.2219,0,-0.3554,0.2224,-0.9079,0,-1.9879,91.0041,-2.653,1]},
{"frame":264,"values":[0.8962,0.0636,-0.4391,0,0.0144,0.985,0.1719,0,-0.4434,0.1604,-0.8819,0,-2.3314,92.7088,-3.0633,1]},
{"frame":265,"values":[0.8429,0.0869,-0.531,0,-0.0185,0.991,0.133,0,-0.5377,0.1023,-0.8369,0,-1.5751,92.6407,-3.0174,1]},
{"frame":266,"values":[0.8098,0.0912,-0.5795,0,0.001,0.9876,0.1568,0,-0.5866,0.1275,-0.7997,0,-0.6957,91.7026,-2.5854,1]},
{"frame":267,"values":[0.8096,0.0431,-0.5854,0,0.0585,0.9864,0.1535,0,-0.5841,0.1585,-0.7961,0,-0.3568,89.2901,-2.0807,1]},
{"frame":268,"values":[0.7987,0.0395,-0.6005,0,0.0388,0.9924,0.1169,0,-0.6005,0.1166,-0.7911,0,-0.2471,87.809,-1.3695,1]},
{"frame":269,"values":[0.8056,0.0774,-0.5874,0,-0.0089,0.9929,0.1187,0,-0.5924,0.0904,-0.8005,0,-0.061,88.3943,-1.2617,1]},
{"frame":270,"values":[0.8503,0.0774,-0.5205,0,-0.0046,0.9902,0.1398,0,-0.5262,0.1165,-0.8423,0,1.1024,90.0703,-1.3512,1]},
{"frame":271,"values":[0.8976,0.0754,-0.4342,0,0.0013,0.9848,0.1736,0,-0.4407,0.1564,-0.8839,0,2.4404,91.9248,-1.5654,1]},
{"frame":272,"values":[0.9384,0.0629,-0.3398,0,0.0096,0.9781,0.2077,0,-0.3454,0.1982,-0.9173,0,3.1306,92.6691,-0.0881,1]},
{"frame":273,"values":[0.9749,0.0446,-0.2181,0,0.0035,0.9765,0.2156,0,-0.2226,0.2109,-0.9518,0,2.8766,91.3029,0.6901,1]},
{"frame":274,"values":[0.9789,0.0605,-0.195,0,-0.0169,0.9758,0.2181,0,-0.2035,0.2102,-0.9562,0,2.1748,88.5061,1.2799,1]},
{"frame":275,"values":[0.958,0.0752,-0.2767,0,-0.017,0.9782,0.2069,0,-0.2862,0.1935,-0.9384,0,1.3214,86.4192,1.4467,1]},
{"frame":276,"values":[0.9421,0.058,-0.3302,0,0.0126,0.9781,0.2078,0,-0.335,0.2,-0.9208,0,0.1128,86.3229,0.4493,1]},
{"frame":291,"values":[0.6483,0.0587,-0.7591,0,0.1157,0.9778,0.1744,0,-0.7525,0.2009,-0.6272,0,0.4376,86.3211,0.273,1]},
{"frame":292,"values":[0.6483,0.0274,-0.7609,0,0.1977,0.959,0.2029,0,-0.7353,0.282,-0.6163,0,-1.2568,88.0921,0.1044,1]},
{"frame":293,"values":[0.6285,0.033,-0.7771,0,0.2322,0.9456,0.2279,0,-0.7424,0.3237,-0.5866,0,-3.0843,90.8568,-0.3294,1]},
{"frame":294,"values":[0.5533,0.0626,-0.8306,0,0.2058,0.956,0.2092,0,-0.8071,0.2867,-0.5161,0,-3.5331,92.5133,-0.403,1]},
{"frame":295,"values":[0.4593,0.0964,-0.883,0,0.1586,0.9692,0.1883,0,-0.874,0.2265,-0.4299,0,-2.9156,92.4647,-0.9183,1]},
{"frame":296,"values":[0.4065,0.1007,-0.9081,0,0.1608,0.9705,0.1796,0,-0.8994,0.219,-0.3783,0,-2.0364,91.5417,-1.2189,1]},
{"frame":297,"values":[0.4026,0.0575,-0.9136,0,0.1653,0.9771,0.1344,0,-0.9003,0.2051,-0.3839,0,-1.505,89.1673,-1.0638,1]},
{"frame":298,"values":[0.3856,0.057,-0.9209,0,0.1042,0.989,0.1049,0,-0.9168,0.1364,-0.3754,0,-0.9401,87.7213,-0.6909,1]},
{"frame":299,"values":[0.401,0.0882,-0.9118,0,0.058,0.9909,0.1214,0,-0.9142,0.1016,-0.3923,0,-0.8469,88.3367,-0.8313,1]},
{"frame":300,"values":[0.4785,0.0839,-0.8741,0,0.0694,0.9887,0.1329,0,-0.8754,0.1242,-0.4672,0,-0.6519,90.0164,-1.7104,1]},
{"frame":301,"values":[0.5669,0.0778,-0.8201,0,0.094,0.9829,0.1583,0,-0.8184,0.1668,-0.5499,0,-0.6015,91.8821,-2.7727,1]},
{"frame":302,"values":[0.6521,0.0603,-0.7557,0,0.1134,0.9779,0.1759,0,-0.7496,0.2004,-0.6308,0,0.2942,92.6168,-2.2335,1]},
{"frame":303,"values":[0.7415,0.0445,-0.6695,0,0.1131,0.9752,0.1901,0,-0.6614,0.2167,-0.7181,0,0.6451,91.2544,-1.4952,1]},
{"frame":304,"values":[0.754,0.0605,-0.6541,0,0.0976,0.9744,0.2025,0,-0.6496,0.2165,-0.7288,0,1.2429,88.5012,-0.5917,1]},
{"frame":305,"values":[0.6927,0.0771,-0.7171,0,0.091,0.977,0.193,0,-0.7155,0.199,-0.6697,0,1.5918,86.4386,0.1225,1]},
{"frame":306,"values":[0.6483,0.0586,-0.7591,0,0.1157,0.9778,0.1744,0,-0.7525,0.2009,-0.6272,0,0.4376,86.3212,0.2729,1]},
{"frame":321,"values":[0.9081,-0.0783,0.4114,0,-0.0957,0.9175,0.386,0,0.4077,0.3899,-0.8257,0,-0.3159,89.6101,1.0659,1]},
{"frame":322,"values":[0.9254,-0.1139,0.3615,0,-0.0321,0.9268,0.3743,0,0.3777,0.358,-0.854,0,-0.4239,91.5277,1.3371,1]},
{"frame":323,"values":[0.9397,-0.1591,0.3027,0,0.0442,0.9343,0.3538,0,0.3391,0.3191,-0.885,0,-0.8999,93.9214,1.5918,1]},
{"frame":324,"values":[0.9465,-0.1978,0.2551,0,0.1061,0.937,0.3329,0,0.3048,0.288,-0.9078,0,-0.9188,94.7897,1.3911,1]},
{"frame":325,"values":[0.9471,-0.2167,0.2366,0,0.1328,0.9361,0.3257,0,0.292,0.277,-0.9154,0,-0.5122,94.3765,0.5871,1]},
{"frame":326,"values":[0.9451,-0.2135,0.2473,0,0.1227,0.9335,0.3369,0,0.3027,0.288,-0.9085,0,-0.4367,93.2924,0.6597,1]},
{"frame":327,"values":[0.9394,-0.2021,0.2768,0,0.0935,0.9281,0.3604,0,0.3297,0.3127,-0.8908,0,-0.0526,91.7617,0.8435,1]},
{"frame":328,"values":[0.9303,-0.1843,0.3171,0,0.0506,0.9208,0.3867,0,0.3633,0.3437,-0.8659,0,0.2419,90.1953,0.6942,1]},
{"frame":329,"values":[0.9184,-0.1615,0.3612,0,-0.0003,0.9127,0.4087,0,0.3956,0.3754,-0.8382,0,-0.3327,89.3768,1.3744,1]},
{"frame":330,"values":[0.9055,-0.1365,0.4018,0,-0.049,0.907,0.4183,0,0.4216,0.3984,-0.8146,0,-1.001,90.7343,2.4623,1]},
{"frame":331,"values":[0.8946,-0.1188,0.4308,0,-0.0826,0.9035,0.4206,0,0.4392,0.4119,-0.7984,0,-1.0856,92.6885,2.7604,1]},
{"frame":332,"values":[0.8864,-0.0799,0.456,0,-0.1177,0.9137,0.3889,0,0.4478,0.3984,-0.8005,0,-1.5177,94.7055,2.5497,1]},
{"frame":333,"values":[0.8853,-0.0597,0.4611,0,-0.1328,0.918,0.3738,0,0.4456,0.3921,-0.8048,0,-1.8921,94.9059,2.3825,1]},
{"frame":334,"values":[0.889,-0.0545,0.4546,0,-0.1369,0.9159,0.3774,0,0.4369,0.3977,-0.8068,0,-2.3423,92.671,2.732,1]},
{"frame":335,"values":[0.8965,-0.0615,0.4387,0,-0.1263,0.9137,0.3862,0,0.4246,0.4016,-0.8114,0,-1.8374,90.1648,2.5305,1]},
{"frame":336,"values":[0.9081,-0.0783,0.4114,0,-0.0957,0.9175,0.386,0,0.4077,0.3899,-0.8257,0,-0.3159,89.6102,1.0659,1]},
{"frame":351,"values":[0.8254,-0.1276,-0.5499,0,0.0971,0.9917,-0.0844,0,-0.5561,-0.0163,-0.831,0,0.4918,82.5354,-0.6287,1]},
{"frame":352,"values":[0.8549,-0.0835,-0.5121,0,0.086,0.9961,-0.0187,0,-0.5117,0.0281,-0.8587,0,-0.9312,84.3879,-0.3173,1]},
{"frame":353,"values":[0.8626,-0.0951,-0.4969,0,0.0899,0.9954,-0.0344,0,-0.4979,0.015,-0.8671,0,-1.8814,87.1017,-0.5936,1]},
{"frame":354,"values":[0.8457,-0.1304,-0.5174,0,0.1181,0.9914,-0.0567,0,-0.5203,0.0132,-0.8539,0,-2.0825,90.2977,-0.7835,1]},
{"frame":355,"values":[0.8085,-0.1847,-0.5587,0,0.1645,0.9825,-0.0868,0,-0.565,0.0218,-0.8248,0,-1.3494,91.7691,-1.0629,1]},
{"frame":356,"values":[0.7741,-0.22,-0.5935,0,0.1959,0.9749,-0.1058,0,-0.6019,0.0344,-0.7978,0,0.3878,90.1472,-1.0157,1]},
{"frame":357,"values":[0.75,-0.2274,-0.6212,0,0.2138,0.972,-0.0978,0,-0.626,0.0594,-0.7776,0,2.1856,86.6654,-1.1488,1]},
{"frame":358,"values":[0.7323,-0.2189,-0.6449,0,0.225,0.9715,-0.0742,0,-0.6427,0.0908,-0.7607,0,3.8969,83.5965,-0.9604,1]},
{"frame":359,"values":[0.7225,-0.2114,-0.6582,0,0.2208,0.9728,-0.0701,0,-0.6551,0.0947,-0.7496,0,5.3118,83.2334,-0.7434,1]},
{"frame":360,"values":[0.7231,-0.2131,-0.657,0,0.1902,0.9759,-0.1071,0,-0.664,0.0475,-0.7462,0,6.2108,85.5885,-0.9253,1]},
{"frame":361,"values":[0.7319,-0.2129,-0.6473,0,0.1441,0.9768,-0.1584,0,-0.666,-0.0226,-0.7456,0,6.4652,89.0363,-1.4206,1]},
{"frame":362,"values":[0.7503,-0.1974,-0.6309,0,0.1075,0.9781,-0.1781,0,-0.6523,-0.0658,-0.7551,0,5.9744,91.4432,-1.6286,1]},
{"frame":363,"values":[0.7837,-0.1545,-0.6016,0,0.082,0.9858,-0.1463,0,-0.6156,-0.0653,-0.7853,0,4.9578,91.7048,-1.2999,1]},
{"frame":364,"values":[0.8194,-0.1042,-0.5637,0,0.0762,0.9944,-0.073,0,-0.5682,-0.0169,-0.8227,0,3.5855,88.0563,-0.6417,1]},
{"frame":365,"values":[0.8328,-0.0943,-0.5454,0,0.0802,0.9955,-0.0497,0,-0.5477,0.0024,-0.8367,0,2.0557,84.6077,-0.4364,1]},
{"frame":366,"values":[0.8254,-0.1276,-0.5499,0,0.0971,0.9917,-0.0844,0,-0.5561,-0.0163,-0.831,0,0.4918,82.5354,-0.6287,1]},
{"frame":381,"values":[0.9521,-0.1301,0.2768,0,0.0148,0.9235,0.3832,0,0.3055,0.3607,-0.8812,0,-0.0767,89.0413,1.3576,1]},
{"frame":382,"values":[0.9697,-0.123,0.211,0,0.0301,0.9176,0.3964,0,0.2424,0.378,-0.8935,0,-2.0368,91.0107,3.3921,1]},
{"frame":383,"values":[0.9844,-0.1127,0.1348,0,0.0481,0.9107,0.4104,0,0.169,0.3975,-0.9019,0,-3.4123,94.7782,5.1298,1]},
{"frame":384,"values":[0.9927,-0.1031,0.0628,0,0.0666,0.9015,0.4276,0,0.1007,0.4203,-0.9018,0,-3.4627,97.0847,6.1867,1]},
{"frame":385,"values":[0.9958,-0.0914,0.008,0,0.0783,0.8912,0.4468,0,0.048,0.4442,-0.8946,0,-2.8888,96.0821,6.3758,1]},
{"frame":386,"values":[0.9968,-0.0777,-0.0208,0,0.0786,0.8835,0.4618,0,0.0175,0.462,-0.8867,0,-2.1241,93.3174,5.9311,1]},
{"frame":387,"values":[0.9977,-0.0663,-0.0108,0,0.0636,0.88,0.4707,0,0.0217,0.4703,-0.8822,0,-2.1086,90.1037,5.9318,1]},
{"frame":388,"values":[0.998,-0.0465,0.0439,0,0.0207,0.8843,0.4664,0,0.0605,0.4645,-0.8835,0,-1.8229,88.216,5.3925,1]},
{"frame":389,"values":[0.9925,-0.0067,0.1218,0,-0.0479,0.8968,0.4398,0,0.1122,0.4424,-0.8898,0,-1.4295,88.6398,5.1252,1]},
{"frame":390,"values":[0.9784,0.0486,0.2008,0,-0.1257,0.9115,0.3917,0,0.164,0.4085,-0.8979,0,-1.824,90.4328,5.5439,1]},
{"frame":391,"values":[0.9562,0.0995,0.2751,0,-0.1918,0.9233,0.3328,0,0.2209,0.371,-0.902,0,-2.4593,92.4869,5.517,1]},
{"frame":392,"values":[0.9311,0.1171,0.3453,0,-0.2224,0.9328,0.2834,0,0.2889,0.3408,-0.8947,0,-2.685,93.938,5.3503,1]},
{"frame":393,"values":[0.9128,0.099,0.3961,0,-0.2144,0.9419,0.2585,0,0.3475,0.3209,-0.8811,0,-3.0076,94.5453,5.2741,1]},
{"frame":394,"values":[0.9132,0.0488,0.4046,0,-0.1706,0.9474,0.2709,0,0.3701,0.3164,-0.8735,0,-2.354,93.48,3.7659,1]},
{"frame":395,"values":[0.9352,-0.0418,0.3516,0,-0.0815,0.9409,0.3287,0,0.3446,0.3361,-0.8765,0,-0.9623,90.6362,2.2192,1]},
{"frame":396,"values":[0.9521,-0.1301,0.2768,0,0.0148,0.9235,0.3832,0,0.3055,0.3607,-0.8812,0,-0.0767,89.0413,1.3576,1]},
{"frame":411,"values":[0.6927,0.1111,-0.7126,0,-0.0758,0.9938,0.0813,0,-0.7172,0.0023,-0.6969,0,0.0426,89.7124,0.112,1]},
{"frame":412,"values":[0.7319,0.1176,-0.6712,0,-0.1023,0.9928,0.0625,0,-0.6737,-0.023,-0.7386,0,-0.3151,91.9307,-0.1581,1]},
{"frame":413,"values":[0.7626,0.1194,-0.6357,0,-0.1463,0.9892,0.0103,0,-0.6301,-0.0851,-0.7718,0,-0.8672,94.7719,-0.7159,1]},
{"frame":414,"values":[0.7757,0.1059,-0.6222,0,-0.17,0.9844,-0.0444,0,-0.6078,-0.1402,-0.7816,0,-0.9926,96.1519,-1.0526,1]},
{"frame":415,"values":[0.7739,0.0664,-0.6299,0,-0.1328,0.9894,-0.0589,0,-0.6193,-0.1292,-0.7745,0,-0.6186,96.5116,-1.0678,1]},
{"frame":416,"values":[0.7645,0.0246,-0.6441,0,-0.0707,0.9964,-0.0458,0,-0.6407,-0.0806,-0.7635,0,-0.0637,95.6773,-0.8841,1]},
{"frame":417,"values":[0.7484,-0.0102,-0.6632,0,-0.0217,0.999,-0.0398,0,-0.6629,-0.0442,-0.7474,0,0.3826,93.1943,-0.7493,1]},
{"frame":418,"values":[0.7299,-0.0406,-0.6823,0,-0.0011,0.9982,-0.0606,0,-0.6835,-0.045,-0.7285,0,0.5098,90.6077,-0.9222,1]},
{"frame":419,"values":[0.7075,-0.0588,-0.7043,0,-0.0046,0.9961,-0.0878,0,-0.7067,-0.0654,-0.7045,0,0.451,91.414,-1.1909,1]},
{"frame":420,"values":[0.6782,-0.0665,-0.7319,0,-0.0228,0.9935,-0.1115,0,-0.7346,-0.0923,-0.6722,0,0.1729,94.7169,-1.56,1]},
{"frame":421,"values":[0.6308,-0.0467,-0.7746,0,-0.0649,0.9915,-0.1126,0,-0.7732,-0.1213,-0.6224,0,-0.2136,96.0097,-1.6206,1]},
{"frame":422,"values":[0.6069,-0.0117,-0.7947,0,-0.0839,0.9934,-0.0787,0,-0.7904,-0.1144,-0.6019,0,-0.4274,96.1233,-1.4248,1]},
{"frame":423,"values":[0.6182,0.0261,-0.7856,0,-0.0786,0.9965,-0.0287,0,-0.782,-0.0795,-0.6181,0,-0.2478,95.2229,-0.9102,1]},
{"frame":424,"values":[0.6409,0.0634,-0.765,0,-0.0718,0.9972,0.0225,0,-0.7642,-0.0405,-0.6437,0,-0.0318,92.5535,-0.3417,1]},
{"frame":425,"values":[0.6597,0.0896,-0.7462,0,-0.0689,0.9959,0.0587,0,-0.7483,-0.0127,-0.6632,0,0.1052,89.8132,-0.0295,1]},
{"frame":426,"values":[0.6927,0.1111,-0.7126,0,-0.0758,0.9938,0.0813,0,-0.7172,0.0023,-0.6969,0,0.0426,89.7124,0.112,1]},
{"frame":441,"values":[0.6451,0.1715,-0.7446,0,-0.0928,0.9849,0.1465,0,-0.7584,0.0254,-0.6513,0,-0.2794,91.7655,0.0004,1]},
{"frame":442,"values":[0.5984,0.1426,-0.7884,0,-0.0753,0.9897,0.1219,0,-0.7977,0.0136,-0.6029,0,0.34,92.0311,-0.6065,1]},
{"frame":443,"values":[0.5446,0.1021,-0.8325,0,-0.0567,0.9948,0.085,0,-0.8368,-0.0009,-0.5475,0,0.2035,94.2499,-1.8612,1]},
{"frame":444,"values":[0.4863,0.0661,-0.8713,0,-0.0432,0.9977,0.0516,0,-0.8727,-0.0125,-0.4881,0,-0.8071,96.8743,-3.2724,1]},
{"frame":445,"values":[0.429,0.0396,-0.9024,0,-0.033,0.9991,0.0281,0,-0.9027,-0.0177,-0.4299,0,-0.9913,98.234,-4.4654,1]},
{"frame":446,"values":[0.3737,0.0178,-0.9274,0,-0.0199,0.9997,0.0111,0,-0.9273,-0.0143,-0.374,0,-0.01,96.7692,-5.3831,1]},
{"frame":447,"values":[0.3199,-0.0088,-0.9474,0,-0.002,0.9999,-0.01,0,-0.9474,-0.0051,-0.3199,0,0.6032,93.8318,-6.4554,1]},
{"frame":448,"values":[0.3019,-0.0281,-0.9529,0,0.016,0.9996,-0.0244,0,-0.9532,0.0079,-0.3022,0,0.215,91.8182,-7.3304,1]},
{"frame":449,"values":[0.3446,-0.0179,-0.9386,0,0.0289,0.9995,-0.0084,0,-0.9383,0.0243,-0.345,0,0.3641,92.4605,-7.5886,1]},
{"frame":450,"values":[0.4235,0.0194,-0.9057,0,0.0346,0.9987,0.0376,0,-0.9052,0.0473,-0.4223,0,-0.5594,94.4242,-6.7488,1]},
{"frame":451,"values":[0.5175,0.0579,-0.8537,0,0.0135,0.997,0.0758,0,-0.8556,0.0508,-0.5152,0,-1.6534,96.6683,-5.5369,1]},
{"frame":452,"values":[0.605,0.097,-0.7903,0,-0.059,0.9953,0.077,0,-0.794,-0.0001,-0.6079,0,-2.2905,97.9395,-4.3243,1]},
{"frame":453,"values":[0.6699,0.1265,-0.7316,0,-0.1132,0.9913,0.0677,0,-0.7338,-0.0375,-0.6783,0,-2.4618,97.3817,-3.1043,1]},
{"frame":454,"values":[0.7064,0.1605,-0.6893,0,-0.1188,0.987,0.1081,0,-0.6977,-0.0056,-0.7163,0,-1.596,95.527,-1.6872,1]},
{"frame":455,"values":[0.6839,0.1752,-0.7083,0,-0.1058,0.9843,0.1413,0,-0.7219,0.0217,-0.6917,0,-0.7958,93.3967,-0.5505,1]},
{"frame":456,"values":[0.6451,0.1715,-0.7446,0,-0.0928,0.9849,0.1465,0,-0.7584,0.0254,-0.6513,0,-0.2794,91.7655,0.0003,1]},
{"frame":471,"values":[0.3078,0.1357,-0.9417,0,-0.0903,0.9895,0.113,0,-0.9472,-0.0503,-0.3168,0,-0.1846,87.6709,-0.0093,1]},
{"frame":472,"values":[0.3686,0.176,-0.9128,0,-0.1395,0.9813,0.1328,0,-0.9191,-0.0784,-0.3862,0,-1.9949,91.1464,1.8451,1]},
{"frame":473,"values":[0.4208,0.203,-0.8841,0,-0.1875,0.9731,0.1342,0,-0.8876,-0.1093,-0.4475,0,-2.6585,92.9064,3.2768,1]},
{"frame":474,"values":[0.4438,0.1853,-0.8768,0,-0.2084,0.9729,0.1001,0,-0.8716,-0.1383,-0.4704,0,-1.7472,93.7017,3.7115,1]},
{"frame":475,"values":[0.4541,0.1194,-0.8829,0,-0.1548,0.9865,0.0538,0,-0.8774,-0.1122,-0.4664,0,-1.8387,93.0387,3.5417,1]},
{"frame":476,"values":[0.4746,0.0866,-0.876,0,-0.1013,0.9939,0.0434,0,-0.8744,-0.0681,-0.4804,0,-1.8083,89.5541,3.3546,1]},
{"frame":477,"values":[0.509,0.0903,-0.856,0,-0.0532,0.9959,0.0734,0,-0.8591,-0.0082,-0.5117,0,0.147,87.0997,3.0504,1]},
{"frame":478,"values":[0.5039,0.0536,-0.8621,0,-0.06,0.9978,0.027,0,-0.8617,-0.0381,-0.5061,0,1.0924,87.2271,2.6703,1]},
{"frame":479,"values":[0.4659,-0.0035,-0.8848,0,-0.1114,0.9918,-0.0626,0,-0.8778,-0.1278,-0.4617,0,0.8946,90.084,1.734,1]},
{"frame":480,"values":[0.3925,0.0027,-0.9197,0,-0.1546,0.986,-0.0631,0,-0.9066,-0.167,-0.3874,0,-0.2942,92.3333,0.4528,1]},
{"frame":481,"values":[0.3037,0.0411,-0.9519,0,-0.1814,0.9833,-0.0154,0,-0.9354,-0.1774,-0.306,0,-0.6366,93.452,-0.9014,1]},
{"frame":482,"values":[0.2642,0.0408,-0.9636,0,-0.1611,0.9869,-0.0024,0,-0.9509,-0.1559,-0.2673,0,-0.2657,93.1778,-1.778,1]},
