{"producer":{"name":"Blender","version":"2.81 (sub 16)","exporter_version":"6.4.1","file":"botrun8jump3crouch8idle___Copy.babylon"},
"autoClear":true,"clearColor":[0.0509,0.0509,0.0509],"gravity":[0,-9.81,0],
"materials":[{"name":"Material.001","id":"Material.001","customType":"BABYLON.PBRMaterial","backFaceCulling":true,"checkReadyOnlyOnce":false,"maxSimultaneousLights":4,"environmentIntensity":1,"albedo":[0.8,0.8,0.8],"reflectivity":[0.5,0.5,0.5],"roughness":0.4,"alpha":1,"transparencyMode":0,"alphaCutOff":0.4,"metallic":0}],
"multiMaterials":[],
"skeletons":[{"name":"Armature","id":0,"dimensionsAtRest":[18.9956,110.6547,32.6258],"bones":[
{"name":"mixamorig:Hips","index":0,"matrix":[1,0,0,0,0,1,0,0,0,0,-1,0,0,99.7919,-0.0001,1],"rest":[1,0,0,0,0,1,0,0,0,0,-1,0,0,99.6721,-0.2471,1],"parentBoneIndex":-1,"length":10.8627
,"animation":{"dataType":3,"framePerSecond":30,"keys":[
{"frame":1,"values":[0.8942,-0.0456,-0.4453,0,0.0472,0.9989,-0.0076,0,-0.4451,0.0142,-0.8954,0,0.0469,70.6451,-0.9121,1]},
{"frame":2,"values":[0.8991,-0.0695,-0.4323,0,0.0637,0.9976,-0.0278,0,-0.4332,0.0025,-0.9013,0,0.1533,70.3485,-1.0155,1]},
{"frame":3,"values":[0.9044,-0.0924,-0.4165,0,0.0798,0.9957,-0.0476,0,-0.4191,-0.0098,-0.9079,0,0.2363,70.0878,-1.0292,1]},
{"frame":4,"values":[0.9095,-0.1142,-0.3998,0,0.0954,0.9932,-0.0667,0,-0.4047,-0.0225,-0.9142,0,0.3086,69.9689,-0.9964,1]},
{"frame":5,"values":[0.9133,-0.1354,-0.3841,0,0.111,0.9902,-0.0852,0,-0.3918,-0.0352,-0.9194,0,0.3836,70.0839,-0.9366,1]},
{"frame":6,"values":[0.9153,-0.1555,-0.3715,0,0.126,0.9867,-0.1027,0,-0.3825,-0.0472,-0.9227,0,0.4657,70.5971,-0.8985,1]},
{"frame":7,"values":[0.915,-0.175,-0.3635,0,0.1403,0.9828,-0.12,0,-0.3783,-0.0588,-0.9238,0,0.5545,71.2468,-0.921,1]},
{"frame":8,"values":[0.9125,-0.185,-0.3648,0,0.151,0.9813,-0.1197,0,-0.3801,-0.0542,-0.9234,0,0.61,71.8431,-0.9492,1]},
{"frame":9,"values":[0.909,-0.1895,-0.3712,0,0.1571,0.9807,-0.116,0,-0.386,-0.0471,-0.9213,0,0.6493,72.3357,-1.1747,1]},
{"frame":10,"values":[0.9037,-0.1924,-0.3825,0,0.1615,0.9805,-0.1116,0,-0.3965,-0.0391,-0.9172,0,0.6675,72.8421,-1.2814,1]},
{"frame":11,"values":[0.8971,-0.1933,-0.3974,0,0.1641,0.9807,-0.1066,0,-0.4103,-0.0304,-0.9115,0,0.67,73.1732,-1.3401,1]},
{"frame":12,"values":[0.8898,-0.1906,-0.4147,0,0.1634,0.9814,-0.1004,0,-0.4261,-0.0216,-0.9044,0,0.6306,73.1047,-1.4058,1]},
{"frame":13,"values":[0.8815,-0.1862,-0.4338,0,0.1612,0.9824,-0.094,0,-0.4437,-0.0129,-0.8961,0,0.5679,72.842,-1.3761,1]},
{"frame":14,"values":[0.8725,-0.1805,-0.4541,0,0.1579,0.9836,-0.0877,0,-0.4625,-0.0048,-0.8866,0,0.514,72.5174,-1.2725,1]},
{"frame":15,"values":[0.8627,-0.1736,-0.4749,0,0.1533,0.9848,-0.0815,0,-0.4819,0.0025,-0.8762,0,0.4812,72.1237,-1.1592,1]},
{"frame":16,"values":[0.8527,-0.1632,-0.4962,0,0.1454,0.9866,-0.0745,0,-0.5017,0.0086,-0.865,0,0.4253,71.5911,-1.0086,1]},
{"frame":17,"values":[0.8423,-0.1519,-0.5171,0,0.1364,0.9883,-0.0681,0,-0.5214,0.0132,-0.8532,0,0.3923,71.0105,-0.8826,1]},
{"frame":18,"values":[0.8324,-0.1394,-0.5364,0,0.1258,0.9901,-0.0621,0,-0.5398,0.0158,-0.8417,0,0.3687,70.3612,-0.7944,1]},
{"frame":19,"values":[0.8238,-0.1252,-0.5529,0,0.1129,0.992,-0.0564,0,-0.5556,0.016,-0.8313,0,0.3477,69.6635,-0.6932,1]},
{"frame":20,"values":[0.8177,-0.1098,-0.5651,0,0.098,0.9939,-0.0513,0,-0.5673,0.0135,-0.8234,0,0.3008,69.5143,-0.6306,1]},
{"frame":21,"values":[0.814,-0.0925,-0.5735,0,0.0803,0.9957,-0.0465,0,-0.5753,0.0082,-0.8179,0,0.2079,69.8032,-0.4825,1]},
{"frame":22,"values":[0.8126,-0.0755,-0.5779,0,0.0615,0.9971,-0.0438,0,-0.5796,0,-0.8149,0,0.0907,70.2575,-0.414,1]},
{"frame":23,"values":[0.814,-0.0584,-0.578,0,0.0413,0.9982,-0.0427,0,-0.5795,-0.0109,-0.8149,0,-0.0618,70.7498,-0.3989,1]},
{"frame":24,"values":[0.8191,-0.0454,-0.5719,0,0.0268,0.9988,-0.0409,0,-0.5731,-0.0182,-0.8193,0,-0.1706,71.2198,-0.4643,1]},
{"frame":25,"values":[0.8272,-0.039,-0.5605,0,0.0212,0.999,-0.0382,0,-0.5615,-0.0197,-0.8273,0,-0.2145,71.5179,-0.6341,1]},
{"frame":26,"values":[0.8374,-0.0382,-0.5452,0,0.0228,0.9991,-0.035,0,-0.546,-0.0169,-0.8376,0,-0.2106,71.5555,-0.8761,1]},
{"frame":27,"values":[0.8492,-0.0409,-0.5265,0,0.0289,0.9991,-0.0311,0,-0.5273,-0.0112,-0.8496,0,-0.1662,71.4281,-1.0502,1]},
{"frame":28,"values":[0.8617,-0.0441,-0.5056,0,0.036,0.999,-0.0257,0,-0.5062,-0.0039,-0.8624,0,-0.0978,71.2508,-1.0833,1]},
{"frame":29,"values":[0.8738,-0.047,-0.4841,0,0.0428,0.9989,-0.0197,0,-0.4845,0.0035,-0.8748,0,-0.0255,71.0293,-1.0501,1]},
{"frame":30,"values":[0.8848,-0.0478,-0.4635,0,0.047,0.9988,-0.0134,0,-0.4636,0.01,-0.886,0,0.029,70.8128,-0.9743,1]},
{"frame":31,"values":[0.8942,-0.0456,-0.4453,0,0.0472,0.9989,-0.0076,0,-0.4451,0.0142,-0.8954,0,0.0471,70.6451,-0.9122,1]},
{"frame":41,"values":[0.644,0.0195,-0.7648,0,-0.1046,0.9925,-0.0627,0,-0.7578,-0.1204,-0.6412,0,-0.7706,69.6187,-1.073,1]},
{"frame":42,"values":[0.6401,0.009,-0.7682,0,-0.0959,0.993,-0.0683,0,-0.7623,-0.1174,-0.6365,0,-0.6242,68.8898,-0.9832,1]},
{"frame":43,"values":[0.6352,-0.0038,-0.7724,0,-0.0876,0.9932,-0.0769,0,-0.7674,-0.1165,-0.6305,0,-0.4356,68.216,-0.8602,1]},
{"frame":44,"values":[0.6291,-0.0177,-0.7771,0,-0.08,0.993,-0.0874,0,-0.7732,-0.1172,-0.6233,0,-0.2327,67.7915,-0.7323,1]},
{"frame":45,"values":[0.6209,-0.0322,-0.7833,0,-0.0734,0.9924,-0.0989,0,-0.7805,-0.1189,-0.6138,0,-0.0864,67.8343,-0.6621,1]},
{"frame":46,"values":[0.6109,-0.0463,-0.7904,0,-0.0677,0.9916,-0.1105,0,-0.7888,-0.121,-0.6026,0,-0.0472,68.3864,-0.7437,1]},
{"frame":47,"values":[0.5998,-0.0617,-0.7978,0,-0.0617,0.9905,-0.123,0,-0.7978,-0.123,-0.5903,0,-0.0289,69.3441,-0.8343,1]},
{"frame":48,"values":[0.589,-0.0755,-0.8046,0,-0.0565,0.9893,-0.1342,0,-0.8061,-0.1245,-0.5785,0,-0.0469,70.3332,-0.9389,1]},
{"frame":49,"values":[0.5779,-0.0869,-0.8114,0,-0.0522,0.9883,-0.143,0,-0.8144,-0.125,-0.5667,0,-0.1055,71.0358,-1.0669,1]},
{"frame":50,"values":[0.5674,-0.0945,-0.818,0,-0.049,0.9878,-0.148,0,-0.822,-0.124,-0.5559,0,-0.2377,71.1484,-1.2331,1]},
{"frame":51,"values":[0.5582,-0.0976,-0.8239,0,-0.0467,0.9878,-0.1486,0,-0.8284,-0.1214,-0.5469,0,-0.3708,70.9881,-1.3715,1]},
{"frame":52,"values":[0.5502,-0.0956,-0.8296,0,-0.0448,0.9886,-0.1436,0,-0.8339,-0.1162,-0.5396,0,-0.4514,70.6629,-1.4096,1]},
{"frame":53,"values":[0.5422,-0.0877,-0.8357,0,-0.0433,0.9903,-0.132,0,-0.8391,-0.1077,-0.5331,0,-0.4809,70.1983,-1.3451,1]},
{"frame":54,"values":[0.5347,-0.0758,-0.8416,0,-0.0424,0.9923,-0.1163,0,-0.844,-0.0978,-0.5274,0,-0.4509,69.6376,-1.1897,1]},
{"frame":55,"values":[0.5284,-0.0611,-0.8468,0,-0.0431,0.9942,-0.0986,0,-0.8479,-0.0886,-0.5227,0,-0.3651,68.9921,-0.9689,1]},
{"frame":56,"values":[0.5227,-0.0486,-0.8511,0,-0.0445,0.9955,-0.0842,0,-0.8514,-0.0819,-0.5181,0,-0.1985,68.3969,-0.7164,1]},
{"frame":57,"values":[0.5186,-0.041,-0.854,0,-0.047,0.996,-0.0763,0,-0.8537,-0.0797,-0.5146,0,-0.0185,67.9399,-0.527,1]},
{"frame":58,"values":[0.5169,-0.0367,-0.8552,0,-0.0512,0.996,-0.0737,0,-0.8545,-0.0819,-0.513,0,0.1247,67.6545,-0.4088,1]},
{"frame":59,"values":[0.5189,-0.0337,-0.8542,0,-0.0572,0.9956,-0.074,0,-0.8529,-0.0872,-0.5147,0,0.1621,67.6213,-0.3882,1]},
{"frame":60,"values":[0.5247,-0.032,-0.8507,0,-0.0644,0.9949,-0.0771,0,-0.8488,-0.0952,-0.52,0,0.1008,68.0501,-0.436,1]},
{"frame":61,"values":[0.5326,-0.0314,-0.8458,0,-0.0726,0.9939,-0.0826,0,-0.8432,-0.1053,-0.5271,0,-0.0373,68.5087,-0.5606,1]},
{"frame":62,"values":[0.5436,-0.0325,-0.8387,0,-0.081,0.9926,-0.091,0,-0.8354,-0.1174,-0.537,0,-0.1816,69.1043,-0.7204,1]},
{"frame":63,"values":[0.5581,-0.0328,-0.8291,0,-0.0883,0.9912,-0.0986,0,-0.8251,-0.1282,-0.5503,0,-0.3263,69.7414,-0.8902,1]},
{"frame":64,"values":[0.5753,-0.0279,-0.8175,0,-0.0943,0.9905,-0.1002,0,-0.8125,-0.1347,-0.5672,0,-0.4633,70.262,-1.0166,1]},
{"frame":65,"values":[0.5936,-0.0178,-0.8046,0,-0.1012,0.9902,-0.0965,0,-0.7984,-0.1387,-0.5859,0,-0.5877,70.5523,-1.0891,1]},
{"frame":66,"values":[0.6112,-0.0057,-0.7914,0,-0.1067,0.9902,-0.0895,0,-0.7842,-0.1392,-0.6046,0,-0.6901,70.6629,-1.1158,1]},
{"frame":67,"values":[0.6267,0.0064,-0.7793,0,-0.1118,0.9904,-0.0817,0,-0.7712,-0.1383,-0.6214,0,-0.7734,70.6625,-1.1098,1]},
{"frame":68,"values":[0.6385,0.0176,-0.7694,0,-0.1156,0.9906,-0.0733,0,-0.7609,-0.1357,-0.6345,0,-0.8361,70.58,-1.0859,1]},
{"frame":69,"values":[0.6451,0.0254,-0.7637,0,-0.1172,0.9909,-0.0661,0,-0.7551,-0.1322,-0.6422,0,-0.8853,70.4309,-1.0699,1]},
{"frame":70,"values":[0.6462,0.0265,-0.7627,0,-0.1133,0.9917,-0.0615,0,-0.7547,-0.1262,-0.6438,0,-0.8523,70.1974,-1.1138,1]},
{"frame":71,"values":[0.644,0.0195,-0.7648,0,-0.1046,0.9925,-0.0627,0,-0.7578,-0.1204,-0.6412,0,-0.7706,69.6187,-1.073,1]},
{"frame":81,"values":[0.9944,0.0634,0.0842,0,-0.0724,0.9915,0.1078,0,0.0767,0.1133,-0.9906,0,0.09,70.349,-0.3601,1]},
{"frame":82,"values":[0.9944,0.0389,0.0978,0,-0.0489,0.9935,0.1026,0,0.0932,0.1068,-0.9899,0,0.2014,70.0777,-0.3123,1]},
{"frame":83,"values":[0.9934,0.0152,0.1137,0,-0.0264,0.9949,0.0971,0,0.1117,0.0995,-0.9888,0,0.2575,69.8646,-0.2538,1]},
{"frame":84,"values":[0.9915,-0.0077,0.13,0,-0.0043,0.9957,0.092,0,0.1301,0.0918,-0.9872,0,0.3028,69.8027,-0.1979,1]},
{"frame":85,"values":[0.9891,-0.0303,0.1444,0,0.0177,0.996,0.0875,0,0.1465,0.084,-0.9856,0,0.3598,69.9834,-0.1393,1]},
{"frame":86,"values":[0.9865,-0.0523,0.1549,0,0.0396,0.9957,0.0839,0,0.1586,0.0766,-0.9844,0,0.4389,70.5584,-0.0859,1]},
{"frame":87,"values":[0.9843,-0.074,0.1602,0,0.0616,0.9948,0.0809,0,0.1653,0.0698,-0.9838,0,0.5531,71.2484,-0.0646,1]},
{"frame":88,"values":[0.9839,-0.0826,0.1584,0,0.0692,0.9937,0.0886,0,0.1647,0.0762,-0.9834,0,0.6095,71.8671,-0.0289,1]},
{"frame":89,"values":[0.9847,-0.0853,0.152,0,0.0711,0.9928,0.0967,0,0.1592,0.0844,-0.9836,0,0.7614,72.3564,-0.1483,1]},
{"frame":90,"values":[0.9863,-0.0864,0.1404,0,0.072,0.9919,0.1045,0,0.1483,0.0929,-0.9846,0,0.822,72.8671,-0.1931,1]},
{"frame":91,"values":[0.9885,-0.0856,0.1249,0,0.0717,0.9911,0.1117,0,0.1334,0.1015,-0.9859,0,0.8427,73.1982,-0.2145,1]},
{"frame":92,"values":[0.9909,-0.081,0.1071,0,0.0682,0.9907,0.1181,0,0.1157,0.1098,-0.9872,0,0.8258,73.1172,-0.2739,1]},
{"frame":93,"values":[0.9934,-0.0752,0.087,0,0.0641,0.9902,0.1238,0,0.0955,0.1174,-0.9885,0,0.7315,72.8407,-0.2743,1]},
{"frame":94,"values":[0.9955,-0.0686,0.0655,0,0.0598,0.9899,0.1285,0,0.0736,0.124,-0.9895,0,0.615,72.5031,-0.2226,1]},
{"frame":95,"values":[0.9972,-0.0608,0.0432,0,0.0546,0.9897,0.1321,0,0.0508,0.1294,-0.9903,0,0.5277,72.0917,-0.1661,1]},
{"frame":96,"values":[0.9985,-0.0498,0.0207,0,0.0466,0.9898,0.1343,0,0.0271,0.1331,-0.9907,0,0.4037,71.5407,-0.1171,1]},
{"frame":97,"values":[0.9993,-0.0386,-0.0018,0,0.0385,0.9901,0.1349,0,0.0035,0.1349,-0.9909,0,0.3381,70.9601,-0.0996,1]},
{"frame":98,"values":[0.9994,-0.0262,-0.0227,0,0.029,0.9906,0.1339,0,-0.0189,0.1345,-0.9907,0,0.2895,70.2956,-0.1017,1]},
{"frame":99,"values":[0.9991,-0.0127,-0.041,0,0.018,0.9912,0.131,0,-0.0389,0.1316,-0.9905,0,0.231,69.6166,-0.1156,1]},
{"frame":100,"values":[0.9985,0.0019,-0.0552,0,0.005,0.992,0.126,0,-0.055,0.1261,-0.9905,0,0.1431,69.443,-0.1415,1]},
{"frame":101,"values":[0.9977,0.0173,-0.0652,0,-0.0095,0.9929,0.1187,0,-0.0668,0.1178,-0.9908,0,-0.0064,69.7557,-0.1536,1]},
{"frame":102,"values":[0.997,0.0315,-0.071,0,-0.0237,0.9938,0.1085,0,-0.074,0.1065,-0.9916,0,-0.1078,70.2148,-0.2297,1]},
{"frame":103,"values":[0.9964,0.045,-0.072,0,-0.038,0.9947,0.0957,0,-0.0759,0.0926,-0.9928,0,-0.1797,70.7119,-0.374,1]},
{"frame":104,"values":[0.9963,0.056,-0.0658,0,-0.0502,0.995,0.0864,0,-0.0703,0.0828,-0.9941,0,-0.2183,71.1316,-0.4854,1]},
{"frame":105,"values":[0.9966,0.0626,-0.0527,0,-0.0581,0.9949,0.0831,0,-0.0576,0.0797,-0.9951,0,-0.1888,71.3823,-0.5511,1]},
{"frame":106,"values":[0.9973,0.0645,-0.0341,0,-0.0614,0.9946,0.0841,0,-0.0394,0.0818,-0.9959,0,-0.0548,71.4007,-0.6437,1]},
{"frame":107,"values":[0.9979,0.0633,-0.0113,0,-0.0621,0.9942,0.0883,0,-0.0168,0.0874,-0.996,0,0.0838,71.2401,-0.6868,1]},
{"frame":108,"values":[0.998,0.0618,0.0139,0,-0.0628,0.9936,0.0942,0,0.0079,0.0949,-0.9955,0,0.1467,71.0228,-0.6315,1]},
{"frame":109,"values":[0.9974,0.0606,0.0393,0,-0.0643,0.9929,0.1005,0,0.033,0.1027,-0.9942,0,0.165,70.763,-0.5339,1]},
{"frame":110,"values":[0.9961,0.0609,0.0634,0,-0.0673,0.9921,0.1055,0,0.0565,0.1094,-0.9924,0,0.1383,70.5235,-0.426,1]},
{"frame":111,"values":[0.9944,0.0635,0.0842,0,-0.0724,0.9915,0.1078,0,0.0767,0.1133,-0.9906,0,0.0902,70.3485,-0.3602,1]},
{"frame":121,"values":[0.9086,0.0481,-0.4149,0,-0.0536,0.9986,-0.0016,0,-0.4142,-0.0237,-0.9099,0,-0.2671,70.6272,-0.8996,1]},
{"frame":122,"values":[0.8998,0.0456,-0.4339,0,-0.0532,0.9986,-0.0055,0,-0.433,-0.028,-0.901,0,-0.2531,70.8016,0.4056,1]},
{"frame":123,"values":[0.8892,0.0469,-0.4551,0,-0.0574,0.9983,-0.0094,0,-0.4539,-0.0345,-0.8904,0,-0.2562,71.0302,0.5478,1]},
{"frame":124,"values":[0.8773,0.0492,-0.4774,0,-0.0633,0.9979,-0.0134,0,-0.4758,-0.0419,-0.8786,0,-0.2592,71.2419,1.4038,1]},
{"frame":125,"values":[0.865,0.0524,-0.4989,0,-0.0699,0.9974,-0.0165,0,-0.4968,-0.0492,-0.8665,0,-0.2608,71.4252,2.5003,1]},
{"frame":126,"values":[0.8535,0.0548,-0.5182,0,-0.0753,0.997,-0.0186,0,-0.5156,-0.0549,-0.8551,0,-0.2549,71.5297,3.6792,1]},
{"frame":127,"values":[0.8438,0.0549,-0.5338,0,-0.0773,0.9968,-0.0196,0,-0.531,-0.0578,-0.8454,0,-0.2257,71.5073,4.1836,1]},
{"frame":128,"values":[0.8363,0.0479,-0.5462,0,-0.0711,0.9972,-0.0213,0,-0.5437,-0.0567,-0.8374,0,-0.1761,71.173,2.9818,1]},
{"frame":129,"values":[0.8324,0.034,-0.5531,0,-0.0559,0.9982,-0.0228,0,-0.5513,-0.0499,-0.8328,0,-0.1511,70.7055,0.7755,1]},
{"frame":130,"values":[0.8326,0.0148,-0.5536,0,-0.0343,0.9991,-0.0249,0,-0.5527,-0.0397,-0.8324,0,-0.1326,70.2154,-1.9625,1]},
{"frame":131,"values":[0.8362,-0.0036,-0.5485,0,-0.0146,0.9995,-0.0288,0,-0.5483,-0.0321,-0.8357,0,-0.1382,69.8947,-4.0815,1]},
{"frame":132,"values":[0.8419,-0.0233,-0.5392,0,0.0048,0.9994,-0.0356,0,-0.5397,-0.0274,-0.8414,0,-0.1375,69.7333,-4.1544,1]},
{"frame":133,"values":[0.8489,-0.0384,-0.5271,0,0.0193,0.9989,-0.0418,0,-0.5281,-0.0253,-0.8488,0,-0.1565,69.8391,-4.3277,1]},
{"frame":134,"values":[0.8579,-0.0512,-0.5112,0,0.0308,0.9984,-0.0484,0,-0.5129,-0.0258,-0.8581,0,-0.1487,70.4233,-4.2439,1]},
{"frame":135,"values":[0.8681,-0.0622,-0.4925,0,0.0399,0.9977,-0.0555,0,-0.4948,-0.0286,-0.8686,0,-0.1013,70.9909,-4.219,1]},
{"frame":136,"values":[0.8785,-0.0725,-0.4722,0,0.048,0.9968,-0.0636,0,-0.4753,-0.0332,-0.8792,0,-0.0142,71.5438,-4.124,1]},
{"frame":137,"values":[0.8884,-0.082,-0.4516,0,0.0551,0.9959,-0.0724,0,-0.4557,-0.0394,-0.8893,0,0.102,72.0644,-3.9149,1]},
{"frame":138,"values":[0.898,-0.0877,-0.4311,0,0.0586,0.995,-0.0803,0,-0.436,-0.0468,-0.8987,0,0.1929,72.4393,-3.6651,1]},
{"frame":139,"values":[0.9069,-0.0927,-0.4111,0,0.0615,0.9942,-0.0886,0,-0.4169,-0.0551,-0.9073,0,0.2944,72.7705,-3.5037,1]},
{"frame":140,"values":[0.9147,-0.0971,-0.3922,0,0.0638,0.9932,-0.0971,0,-0.399,-0.0638,-0.9147,0,0.3867,73.0209,-3.4859,1]},
{"frame":141,"values":[0.9216,-0.0996,-0.3752,0,0.0646,0.9924,-0.105,0,-0.3828,-0.0725,-0.921,0,0.4499,73.0904,-3.6992,1]},
{"frame":142,"values":[0.9273,-0.0999,-0.3609,0,0.0633,0.9917,-0.112,0,-0.3691,-0.081,-0.9259,0,0.4757,72.8889,-4.2589,1]},
{"frame":143,"values":[0.9317,-0.0968,-0.3501,0,0.0588,0.9913,-0.1174,0,-0.3584,-0.0888,-0.9293,0,0.464,72.4903,-5.2325,1]},
{"frame":144,"values":[0.9346,-0.0907,-0.3438,0,0.0515,0.9913,-0.1213,0,-0.3518,-0.0956,-0.9312,0,0.4304,71.964,-5.5425,1]},
{"frame":145,"values":[0.9363,-0.0796,-0.342,0,0.04,0.9918,-0.1215,0,-0.3488,-0.1001,-0.9318,0,0.3628,71.243,-5.2644,1]},
{"frame":146,"values":[0.9357,-0.0574,-0.3482,0,0.0228,0.9945,-0.1026,0,-0.3521,-0.088,-0.9318,0,0.2687,70.6825,-4.6676,1]},
{"frame":147,"values":[0.9327,-0.0366,-0.3588,0,0.0069,0.9965,-0.0836,0,-0.3606,-0.0754,-0.9297,0,0.1624,70.1545,-4.025,1]},
{"frame":148,"values":[0.9277,-0.017,-0.3729,0,-0.0075,0.9979,-0.0641,0,-0.3732,-0.0622,-0.9257,0,0.0503,69.9389,-3.7075,1]},
{"frame":149,"values":[0.9214,0.0031,-0.3887,0,-0.0219,0.9988,-0.0439,0,-0.3881,-0.049,-0.9203,0,-0.058,69.9742,-3.8132,1]},
{"frame":150,"values":[0.9146,0.0252,-0.4035,0,-0.0376,0.999,-0.0228,0,-0.4025,-0.036,-0.9147,0,-0.1648,70.2375,-3.4312,1]},
{"frame":151,"values":[0.9086,0.0481,-0.4149,0,-0.0536,0.9986,-0.0016,0,-0.4142,-0.0237,-0.9099,0,-0.2671,70.6272,-0.8996,1]},
{"frame":161,"values":[0.997,-0.034,0.0693,0,0.0189,0.978,0.208,0,0.0749,0.206,-0.9757,0,0.4238,70.3304,0.0204,1]},
{"frame":162,"values":[0.9981,-0.0365,0.0488,0,0.0258,0.9787,0.2038,0,0.0552,0.2022,-0.9778,0,0.4901,70.5094,-0.0619,1]},
{"frame":163,"values":[0.999,-0.0366,0.0253,0,0.031,0.98,0.1967,0,0.032,0.1957,-0.9801,0,0.5327,70.7544,-0.1889,1]},
{"frame":164,"values":[0.9994,-0.0352,0.0005,0,0.0345,0.9815,0.1883,0,0.0072,0.1881,-0.9821,0,0.5262,71.018,-0.3038,1]},
{"frame":165,"values":[0.9992,-0.0335,-0.0239,0,0.0372,0.9829,0.1801,0,-0.0175,0.1809,-0.9834,0,0.4729,71.2412,-0.3735,1]},
{"frame":166,"values":[0.9984,-0.032,-0.0462,0,0.0396,0.984,0.1739,0,-0.0399,0.1754,-0.9837,0,0.3398,71.4027,-0.3427,1]},
{"frame":167,"values":[0.9973,-0.0338,-0.0646,0,0.0444,0.9843,0.171,0,-0.0578,0.1734,-0.9831,0,0.2108,71.3799,-0.2599,1]},
{"frame":168,"values":[0.9961,-0.0403,-0.0779,0,0.0533,0.9835,0.173,0,-0.0696,0.1765,-0.9818,0,0.1836,71.1225,-0.2,1]},
{"frame":169,"values":[0.9951,-0.051,-0.0848,0,0.0658,0.9812,0.1815,0,-0.074,0.1862,-0.9797,0,0.2204,70.6969,-0.0896,1]},
{"frame":170,"values":[0.9943,-0.0642,-0.085,0,0.0797,0.9777,0.1943,0,-0.0706,0.2,-0.9773,0,0.2897,70.1927,0.0555,1]},
{"frame":171,"values":[0.9937,-0.0781,-0.0801,0,0.0931,0.9743,0.2049,0,-0.0621,0.2111,-0.9755,0,0.3889,69.7258,0.1319,1]},
{"frame":172,"values":[0.9931,-0.0933,-0.0708,0,0.1064,0.9712,0.2131,0,-0.0489,0.2192,-0.9745,0,0.5371,69.4037,0.1457,1]},
{"frame":173,"values":[0.9925,-0.1079,-0.0571,0,0.1179,0.9685,0.2194,0,-0.0316,0.2245,-0.974,0,0.6233,69.5667,0.1758,1]},
{"frame":174,"values":[0.9918,-0.1215,-0.0392,0,0.1272,0.9663,0.2239,0,-0.0106,0.2271,-0.9738,0,0.6781,70.2385,0.1977,1]},
{"frame":175,"values":[0.9908,-0.1343,-0.0185,0,0.135,0.9645,0.2268,0,0.0126,0.2272,-0.9738,0,0.7207,70.899,0.2114,1]},
{"frame":176,"values":[0.9893,-0.1459,0.0038,0,0.1412,0.9633,0.2281,0,0.0369,0.2251,-0.9736,0,0.7765,71.4802,0.2094,1]},
{"frame":177,"values":[0.9872,-0.157,0.0263,0,0.147,0.9625,0.228,0,0.0611,0.2213,-0.9733,0,0.8796,72.0272,0.1797,1]},
{"frame":178,"values":[0.9851,-0.1648,0.0488,0,0.1498,0.9624,0.2265,0,0.0843,0.2159,-0.9728,0,0.9463,72.4393,0.1416,1]},
{"frame":179,"values":[0.9827,-0.1714,0.0706,0,0.1519,0.9627,0.2238,0,0.1063,0.2092,-0.9721,0,1.0424,72.7818,0.108,1]},
{"frame":180,"values":[0.98,-0.1771,0.0912,0,0.1537,0.9633,0.2199,0,0.1268,0.2015,-0.9712,0,1.1172,73.0646,0.1216,1]},
{"frame":181,"values":[0.9772,-0.1816,0.1096,0,0.155,0.9642,0.2151,0,0.1448,0.1932,-0.9704,0,1.119,73.1488,0.1878,1]},
{"frame":182,"values":[0.9751,-0.1826,0.1257,0,0.1538,0.9657,0.2092,0,0.1596,0.1847,-0.9698,0,1.0878,72.8264,0.2177,1]},
{"frame":183,"values":[0.9737,-0.1814,0.1381,0,0.1516,0.9675,0.2025,0,0.1704,0.1762,-0.9695,0,1.022,72.3182,0.2642,1]},
{"frame":184,"values":[0.9731,-0.1786,0.1454,0,0.1488,0.9694,0.195,0,0.1758,0.1681,-0.97,0,0.8692,71.8289,0.3795,1]},
{"frame":185,"values":[0.9742,-0.1702,0.1479,0,0.1414,0.972,0.1876,0,0.1757,0.1618,-0.9711,0,0.8102,71.216,0.3473,1]},
{"frame":186,"values":[0.9786,-0.1489,0.1423,0,0.1206,0.9743,0.1901,0,0.1669,0.1689,-0.9714,0,0.6991,70.5278,0.3277,1]},
{"frame":187,"values":[0.9831,-0.1271,0.1315,0,0.1004,0.9761,0.1928,0,0.1528,0.1764,-0.9724,0,0.627,69.9529,0.2751,1]},
{"frame":188,"values":[0.9876,-0.1048,0.1167,0,0.0805,0.9773,0.1961,0,0.1346,0.1843,-0.9736,0,0.58,69.7728,0.2154,1]},
{"frame":189,"values":[0.9916,-0.082,0.1,0,0.0607,0.9779,0.1999,0,0.1141,0.1921,-0.9747,0,0.5506,69.8373,0.1533,1]},
{"frame":190,"values":[0.9948,-0.0585,0.0835,0,0.0404,0.9782,0.2039,0,0.0936,0.1995,-0.9754,0,0.5144,70.0531,0.084,1]},
{"frame":191,"values":[0.997,-0.034,0.0693,0,0.0189,0.978,0.208,0,0.0749,0.206,-0.9757,0,0.4236,70.3304,0.0203,1]},
{"frame":201,"values":[0.7842,0.0219,-0.6201,0,-0.0308,0.9995,-0.0036,0,-0.6198,-0.0219,-0.7845,0,-0.5415,70.6018,-0.7285,1]},
{"frame":202,"values":[0.7686,0.0392,-0.6386,0,-0.0436,0.999,0.0089,0,-0.6383,-0.021,-0.7695,0,-0.6889,70.4571,-0.6639,1]},
{"frame":203,"values":[0.7517,0.0548,-0.6572,0,-0.0551,0.9983,0.0203,0,-0.6572,-0.0209,-0.7534,0,-0.7895,69.9997,-0.5703,1]},
{"frame":204,"values":[0.7342,0.0692,-0.6754,0,-0.0655,0.9974,0.0309,0,-0.6757,-0.0215,-0.7368,0,-0.8406,69.3549,-0.4455,1]},
{"frame":205,"values":[0.717,0.0818,-0.6923,0,-0.0746,0.9964,0.0405,0,-0.6931,-0.0226,-0.7205,0,-0.8329,68.6407,-0.2799,1]},
{"frame":206,"values":[0.7008,0.0923,-0.7073,0,-0.082,0.9954,0.0486,0,-0.7086,-0.024,-0.7052,0,-0.7567,67.9514,-0.0704,1]},
{"frame":207,"values":[0.6867,0.0987,-0.7202,0,-0.0865,0.9948,0.0539,0,-0.7218,-0.0253,-0.6916,0,-0.6804,67.3219,0.1188,1]},
{"frame":208,"values":[0.6753,0.1008,-0.7306,0,-0.0878,0.9946,0.056,0,-0.7323,-0.0264,-0.6805,0,-0.6102,66.8005,0.2399,1]},
{"frame":209,"values":[0.6684,0.0983,-0.7373,0,-0.086,0.9948,0.0547,0,-0.7388,-0.0268,-0.6733,0,-0.5711,66.5422,0.2953,1]},
{"frame":210,"values":[0.6669,0.0895,-0.7398,0,-0.0796,0.9956,0.0488,0,-0.7409,-0.0264,-0.6711,0,-0.6276,66.5831,0.1954,1]},
{"frame":211,"values":[0.6702,0.0711,-0.7388,0,-0.0668,0.9971,0.0354,0,-0.7392,-0.0257,-0.673,0,-0.7197,67.001,-0.0422,1]},
{"frame":212,"values":[0.6772,0.0475,-0.7343,0,-0.0504,0.9986,0.0181,0,-0.7341,-0.0247,-0.6786,0,-0.7204,67.7602,-0.2612,1]},
{"frame":213,"values":[0.6869,0.0206,-0.7265,0,-0.0316,0.9995,-0.0015,0,-0.7261,-0.024,-0.6872,0,-0.654,68.6819,-0.46,1]},
{"frame":214,"values":[0.6983,-0.007,-0.7157,0,-0.0121,0.9997,-0.0216,0,-0.7157,-0.0237,-0.698,0,-0.5397,69.573,-0.632,1]},
{"frame":215,"values":[0.7109,-0.0332,-0.7025,0,0.0067,0.9992,-0.0405,0,-0.7033,-0.0241,-0.7105,0,-0.3976,70.2499,-0.7735,1]},
{"frame":216,"values":[0.7241,-0.0556,-0.6874,0,0.023,0.9981,-0.0566,0,-0.6893,-0.0251,-0.7241,0,-0.2324,70.5269,-0.8658,1]},
{"frame":217,"values":[0.7436,-0.071,-0.6648,0,0.0288,0.9968,-0.0742,0,-0.668,-0.036,-0.7433,0,-0.1537,70.1879,-0.9958,1]},
{"frame":218,"values":[0.7631,-0.0859,-0.6405,0,0.033,0.995,-0.0942,0,-0.6454,-0.0508,-0.7622,0,-0.0908,69.5962,-1.1858,1]},
{"frame":219,"values":[0.7815,-0.0982,-0.6161,0,0.0357,0.993,-0.113,0,-0.6229,-0.0663,-0.7795,0,-0.0211,68.8224,-1.3568,1]},
{"frame":220,"values":[0.7974,-0.1059,-0.5941,0,0.0373,0.9912,-0.1267,0,-0.6023,-0.0788,-0.7944,0,0.0649,67.9907,-1.4659,1]},
{"frame":221,"values":[0.8099,-0.1074,-0.5766,0,0.0378,0.9906,-0.1314,0,-0.5853,-0.0846,-0.8064,0,0.1588,67.2094,-1.4651,1]},
{"frame":222,"values":[0.8199,-0.1021,-0.5633,0,0.037,0.9914,-0.1259,0,-0.5713,-0.0824,-0.8166,0,0.2716,66.5993,-1.3493,1]},
{"frame":223,"values":[0.8277,-0.0932,-0.5534,0,0.0363,0.9929,-0.113,0,-0.5601,-0.0735,-0.8252,0,0.4214,66.3002,-1.1308,1]},
{"frame":224,"values":[0.8325,-0.0813,-0.548,0,0.0339,0.9948,-0.0961,0,-0.553,-0.0614,-0.8309,0,0.5623,66.4041,-0.8583,1]},
{"frame":225,"values":[0.835,-0.0672,-0.5462,0,0.0291,0.9965,-0.0781,0,-0.5495,-0.0493,-0.834,0,0.5475,66.8518,-0.6939,1]},
{"frame":226,"values":[0.8335,-0.0549,-0.5498,0,0.0237,0.9977,-0.0638,0,-0.552,-0.0401,-0.8329,0,0.4317,67.5714,-0.6468,1]},
{"frame":227,"values":[0.8288,-0.0437,-0.5579,0,0.0169,0.9984,-0.0531,0,-0.5594,-0.0346,-0.8282,0,0.256,68.3749,-0.6747,1]},
{"frame":228,"values":[0.8212,-0.0301,-0.5699,0,0.0076,0.9991,-0.0418,0,-0.5706,-0.03,-0.8206,0,0.0395,69.1164,-0.716,1]},
{"frame":229,"values":[0.8108,-0.0144,-0.5851,0,-0.0038,0.9995,-0.0298,0,-0.5853,-0.0264,-0.8104,0,-0.168,69.8257,-0.7578,1]},
{"frame":230,"values":[0.7984,0.0033,-0.6022,0,-0.0169,0.9997,-0.017,0,-0.6019,-0.0237,-0.7982,0,-0.3544,70.3672,-0.7658,1]},
{"frame":231,"values":[0.7842,0.0219,-0.6201,0,-0.0308,0.9995,-0.0036,0,-0.6198,-0.0219,-0.7845,0,-0.5415,70.6018,-0.7285,1]},
{"frame":241,"values":[0.2753,0.1799,-0.9444,0,-0.0212,0.9832,0.1811,0,-0.9611,0.0298,-0.2745,0,-0.8629,70.9159,0.1305,1]},
{"frame":242,"values":[0.2898,0.1702,-0.9418,0,-0.0306,0.9852,0.1686,0,-0.9566,0.02,-0.2908,0,-0.9456,70.761,-0.008,1]},
{"frame":243,"values":[0.3037,0.1562,-0.9399,0,-0.0424,0.9877,0.1504,0,-0.9518,0.0059,-0.3066,0,-1.0086,70.5641,-0.2499,1]},
{"frame":244,"values":[0.3178,0.1412,-0.9376,0,-0.0551,0.9899,0.1304,0,-0.9466,-0.0102,-0.3224,0,-0.9974,70.6004,-0.598,1]},
{"frame":245,"values":[0.3321,0.1266,-0.9347,0,-0.0671,0.9916,0.1104,0,-0.9408,-0.0261,-0.3378,0,-0.8967,70.9855,-1.0046,1]},
{"frame":246,"values":[0.3459,0.1123,-0.9315,0,-0.0763,0.9929,0.0914,0,-0.9352,-0.0394,-0.352,0,-0.7115,71.7236,-1.4281,1]},
{"frame":247,"values":[0.3588,0.0985,-0.9282,0,-0.0805,0.994,0.0744,0,-0.9299,-0.0481,-0.3645,0,-0.5303,72.5181,-1.8731,1]},
{"frame":248,"values":[0.3712,0.0874,-0.9244,0,-0.0801,0.9949,0.0619,0,-0.9251,-0.051,-0.3763,0,-0.5607,73.1631,-2.3255,1]},
{"frame":249,"values":[0.3795,0.0796,-0.9218,0,-0.0766,0.9956,0.0545,0,-0.922,-0.0499,-0.3839,0,-0.7909,73.4837,-2.797,1]},
{"frame":250,"values":[0.3741,0.0731,-0.9245,0,-0.07,0.9963,0.0504,0,-0.9248,-0.0458,-0.3778,0,-0.9271,73.5349,-3.2157,1]},
{"frame":251,"values":[0.3555,0.0689,-0.9321,0,-0.0613,0.9969,0.0503,0,-0.9327,-0.0392,-0.3586,0,-0.9341,73.5095,-3.5628,1]},
{"frame":252,"values":[0.3358,0.0689,-0.9394,0,-0.0532,0.9971,0.0541,0,-0.9404,-0.0318,-0.3385,0,-0.9439,73.4481,-3.8315,1]},
{"frame":253,"values":[0.3146,0.0716,-0.9465,0,-0.0466,0.9971,0.0599,0,-0.9481,-0.0253,-0.317,0,-0.9123,73.3792,-4.0158,1]},
{"frame":254,"values":[0.2919,0.0761,-0.9534,0,-0.0427,0.9969,0.0665,0,-0.9555,-0.0213,-0.2942,0,-0.8549,73.232,-4.0961,1]},
{"frame":255,"values":[0.268,0.0833,-0.9598,0,-0.0426,0.9963,0.0746,0,-0.9625,-0.0209,-0.2706,0,-0.8106,72.979,-4.0521,1]},
{"frame":256,"values":[0.2433,0.0917,-0.9656,0,-0.0465,0.9955,0.0828,0,-0.9688,-0.0247,-0.2465,0,-0.8237,72.6593,-3.8996,1]},
{"frame":257,"values":[0.2183,0.105,-0.9702,0,-0.0543,0.994,0.0953,0,-0.9744,-0.0319,-0.2227,0,-0.8072,72.1687,-3.6176,1]},
{"frame":258,"values":[0.1931,0.1188,-0.974,0,-0.0636,0.9921,0.1084,0,-0.9791,-0.041,-0.1991,0,-0.7316,71.669,-3.272,1]},
{"frame":259,"values":[0.1682,0.1314,-0.9769,0,-0.0727,0.99,0.1207,0,-0.9831,-0.0507,-0.1761,0,-0.6169,71.308,-2.9245,1]},
{"frame":260,"values":[0.1454,0.1421,-0.9791,0,-0.0801,0.9881,0.1315,0,-0.9861,-0.0593,-0.1551,0,-0.5347,71.4223,-2.575,1]},
{"frame":261,"values":[0.1257,0.1528,-0.9802,0,-0.0849,0.9861,0.1428,0,-0.9884,-0.0652,-0.1369,0,-0.4607,72.022,-2.1812,1]},
{"frame":262,"values":[0.1155,0.1627,-0.9799,0,-0.0859,0.9844,0.1534,0,-0.9896,-0.0664,-0.1277,0,-0.4972,72.6621,-1.7451,1]},
{"frame":263,"values":[0.1267,0.1733,-0.9767,0,-0.0828,0.983,0.1636,0,-0.9885,-0.0601,-0.1389,0,-0.5396,73.1096,-1.2972,1]},
{"frame":264,"values":[0.1443,0.1829,-0.9725,0,-0.075,0.982,0.1736,0,-0.9867,-0.0479,-0.1554,0,-0.6075,73.1642,-0.8976,1]},
{"frame":265,"values":[0.1635,0.191,-0.9679,0,-0.0641,0.9811,0.1827,0,-0.9845,-0.0321,-0.1727,0,-0.6119,73.1208,-0.5283,1]},
{"frame":266,"values":[0.1835,0.1962,-0.9632,0,-0.0514,0.9805,0.1899,0,-0.9817,-0.0146,-0.19,0,-0.6309,72.8417,-0.2122,1]},
{"frame":267,"values":[0.2037,0.198,-0.9588,0,-0.0386,0.9802,0.1942,0,-0.9783,0.0025,-0.2073,0,-0.685,72.4064,-0.018,1]},
{"frame":268,"values":[0.2235,0.1965,-0.9547,0,-0.0275,0.9803,0.1954,0,-0.9743,0.0174,-0.2245,0,-0.7505,71.9688,0.1142,1]},
{"frame":269,"values":[0.2425,0.1926,-0.9508,0,-0.0197,0.9809,0.1937,0,-0.97,0.0282,-0.2416,0,-0.7979,71.5479,0.1869,1]},
{"frame":270,"values":[0.2608,0.1878,-0.947,0,-0.0172,0.9817,0.1899,0,-0.9652,0.0332,-0.2593,0,-0.8224,71.1656,0.199,1]},
{"frame":271,"values":[0.2753,0.1799,-0.9444,0,-0.0212,0.9832,0.1811,0,-0.9611,0.0298,-0.2745,0,-0.8629,70.9159,0.1305,1]},
{"frame":281,"values":[0.283,0.1771,-0.9426,0,-0.0224,0.9838,0.1781,0,-0.9589,0.0293,-0.2823,0,-0.5744,70.4741,0.0819,1]},
{"frame":282,"values":[0.2649,0.1828,-0.9468,0,-0.0246,0.9828,0.1828,0,-0.964,0.0251,-0.2648,0,-0.5219,70.9367,0.0882,1]},
{"frame":283,"values":[0.2456,0.186,-0.9514,0,-0.0319,0.9824,0.1838,0,-0.9688,0.0148,-0.2472,0,-0.4214,71.381,0.0146,1]},
{"frame":284,"values":[0.2258,0.1875,-0.956,0,-0.0429,0.9823,0.1825,0,-0.9732,0.0002,-0.2298,0,-0.2632,71.8636,-0.114,1]},
{"frame":285,"values":[0.2058,0.1867,-0.9606,0,-0.0559,0.9823,0.179,0,-0.977,-0.0169,-0.2126,0,-0.0509,72.3706,-0.2892,1]},
{"frame":286,"values":[0.186,0.1822,-0.9655,0,-0.0688,0.9827,0.1722,0,-0.9801,-0.0344,-0.1953,0,0.153,72.713,-0.5123,1]},
{"frame":287,"values":[0.1671,0.1747,-0.9703,0,-0.0803,0.9833,0.1633,0,-0.9827,-0.0506,-0.1783,0,0.3447,72.8025,-0.7686,1]},
{"frame":288,"values":[0.15,0.1654,-0.9747,0,-0.0886,0.9842,0.1534,0,-0.9847,-0.0633,-0.1623,0,0.5611,72.7971,-1.0404,1]},
{"frame":289,"values":[0.1374,0.1548,-0.9783,0,-0.0922,0.9854,0.143,0,-0.9862,-0.0706,-0.1497,0,0.7153,72.3981,-1.2966,1]},
{"frame":290,"values":[0.1471,0.1433,-0.9787,0,-0.0913,0.9872,0.1308,0,-0.9849,-0.0701,-0.1583,0,0.7259,71.8985,-1.5482,1]},
{"frame":291,"values":[0.1667,0.1307,-0.9773,0,-0.0863,0.9893,0.1176,0,-0.9822,-0.0648,-0.1762,0,0.6813,71.3958,-1.8083,1]},
{"frame":292,"values":[0.1885,0.1188,-0.9749,0,-0.0786,0.9913,0.1056,0,-0.9789,-0.0567,-0.1962,0,0.7143,71.2364,-2.0433,1]},
{"frame":293,"values":[0.2128,0.1069,-0.9712,0,-0.0694,0.9931,0.0942,0,-0.9746,-0.0473,-0.2187,0,0.7265,71.4698,-2.2564,1]},
{"frame":294,"values":[0.2381,0.0952,-0.9666,0,-0.0601,0.9947,0.0831,0,-0.9694,-0.0383,-0.2425,0,0.7233,71.8281,-2.4634,1]},
{"frame":295,"values":[0.2634,0.0844,-0.961,0,-0.0523,0.996,0.0731,0,-0.9633,-0.031,-0.2667,0,0.7192,72.2075,-2.6407,1]},
{"frame":296,"values":[0.2882,0.0769,-0.9545,0,-0.0479,0.9967,0.0658,0,-0.9564,-0.0268,-0.2909,0,0.7035,72.5308,-2.765,1]},
{"frame":297,"values":[0.3123,0.0703,-0.9474,0,-0.0475,0.9972,0.0583,0,-0.9488,-0.0268,-0.3147,0,0.6007,72.8223,-2.8358,1]},
{"frame":298,"values":[0.3353,0.0662,-0.9398,0,-0.0513,0.9973,0.0519,0,-0.9407,-0.0308,-0.3378,0,0.4775,73.003,-2.8244,1]},
{"frame":299,"values":[0.3572,0.0637,-0.9319,0,-0.0576,0.9973,0.0461,0,-0.9323,-0.0372,-0.3599,0,0.3487,73.1403,-2.7488,1]},
{"frame":300,"values":[0.3775,0.0652,-0.9237,0,-0.0659,0.9969,0.0434,0,-0.9237,-0.0445,-0.3806,0,0.2299,73.2287,-2.6053,1]},
{"frame":301,"values":[0.3972,0.0708,-0.915,0,-0.0751,0.9962,0.0445,0,-0.9147,-0.051,-0.401,0,0.0832,73.2598,-2.4014,1]},
{"frame":302,"values":[0.4044,0.0786,-0.9112,0,-0.0824,0.9954,0.0492,0,-0.9109,-0.0552,-0.409,0,0.0308,73.2446,-2.143,1]},
{"frame":303,"values":[0.3988,0.0836,-0.9132,0,-0.0851,0.9949,0.0539,0,-0.9131,-0.0562,-0.4039,0,0.2348,72.6059,-1.9015,1]},
{"frame":304,"values":[0.3853,0.0945,-0.9179,0,-0.0862,0.9941,0.0662,0,-0.9188,-0.0536,-0.3911,0,0.0514,72.009,-1.6017,1]},
{"frame":305,"values":[0.3721,0.1079,-0.9219,0,-0.0826,0.9931,0.0829,0,-0.9245,-0.0453,-0.3785,0,-0.1791,71.2574,-1.2625,1]},
{"frame":306,"values":[0.3578,0.1227,-0.9257,0,-0.0744,0.9919,0.1028,0,-0.9308,-0.0321,-0.3641,0,-0.4703,70.5843,-0.9213,1]},
{"frame":307,"values":[0.3428,0.1355,-0.9296,0,-0.0623,0.9906,0.1215,0,-0.9373,-0.0163,-0.3481,0,-0.5993,70.0901,-0.6264,1]},
{"frame":308,"values":[0.3275,0.1488,-0.933,0,-0.0493,0.9889,0.1404,0,-0.9436,0,-0.3312,0,-0.6893,69.9812,-0.3598,1]},
{"frame":309,"values":[0.3124,0.1597,-0.9364,0,-0.0367,0.9871,0.1561,0,-0.9492,0.0144,-0.3142,0,-0.6925,70.0734,-0.1675,1]},
{"frame":310,"values":[0.2966,0.1643,-0.9408,0,-0.0255,0.9861,0.1642,0,-0.9547,0.0247,-0.2967,0,-0.6683,70.0688,-0.0729,1]},
{"frame":311,"values":[0.283,0.1771,-0.9426,0,-0.0224,0.9838,0.1781,0,-0.9589,0.0293,-0.2823,0,-0.5744,70.4699,0.0808,1]},
{"frame":321,"values":[0.767,0.0244,-0.6412,0,0.1268,0.9738,0.1887,0,-0.6291,0.226,-0.7438,0,0.4441,95.9228,0.3698,1]},
{"frame":322,"values":[0.767,0.0244,-0.6412,0,0.1268,0.9738,0.1887,0,-0.629,0.226,-0.7438,0,0.4515,95.9186,0.3802,1]},
{"frame":323,"values":[0.767,0.0245,-0.6411,0,0.1267,0.9738,0.1888,0,-0.629,0.2261,-0.7438,0,0.4586,95.9151,0.3918,1]},
{"frame":324,"values":[0.7671,0.0245,-0.6411,0,0.1267,0.9738,0.1888,0,-0.6289,0.2261,-0.7439,0,0.4655,95.9122,0.4044,1]},
{"frame":325,"values":[0.7672,0.0246,-0.6409,0,0.1266,0.9738,0.1889,0,-0.6288,0.2261,-0.744,0,0.4721,95.9099,0.4178,1]},
{"frame":326,"values":[0.7673,0.0247,-0.6408,0,0.1265,0.9738,0.189,0,-0.6287,0.2261,-0.7441,0,0.4783,95.9085,0.4319,1]},
{"frame":327,"values":[0.7674,0.0248,-0.6407,0,0.1264,0.9738,0.1892,0,-0.6286,0.2262,-0.7442,0,0.4843,95.9077,0.4463,1]},
{"frame":328,"values":[0.7675,0.0249,-0.6405,0,0.1263,0.9738,0.1893,0,-0.6284,0.2262,-0.7442,0,0.49,95.9085,0.4608,1]},
{"frame":329,"values":[0.7676,0.0251,-0.6404,0,0.1262,0.9738,0.1894,0,-0.6283,0.2262,-0.7443,0,0.4947,95.9105,0.4754,1]},
{"frame":330,"values":[0.7677,0.0252,-0.6403,0,0.1261,0.9737,0.1896,0,-0.6283,0.2263,-0.7444,0,0.4982,95.9134,0.4898,1]},
{"frame":331,"values":[0.7678,0.0254,-0.6402,0,0.126,0.9737,0.1897,0,-0.6282,0.2263,-0.7444,0,0.5003,95.917,0.5037,1]},
{"frame":332,"values":[0.7678,0.0255,-0.6402,0,0.1259,0.9737,0.1898,0,-0.6282,0.2264,-0.7444,0,0.5014,95.9214,0.5171,1]},
{"frame":333,"values":[0.7678,0.0257,-0.6402,0,0.1258,0.9737,0.19,0,-0.6283,0.2264,-0.7443,0,0.5018,95.926,0.5297,1]},
{"frame":334,"values":[0.7677,0.0259,-0.6403,0,0.1257,0.9737,0.1901,0,-0.6283,0.2264,-0.7443,0,0.5017,95.9307,0.5413,1]},
{"frame":335,"values":[0.7677,0.0261,-0.6403,0,0.1256,0.9737,0.1902,0,-0.6284,0.2265,-0.7442,0,0.5013,95.9355,0.5517,1]},
{"frame":336,"values":[0.7676,0.0262,-0.6404,0,0.1255,0.9737,0.1904,0,-0.6285,0.2265,-0.7441,0,0.501,95.9406,0.5608,1]},
{"frame":337,"values":[0.7675,0.0264,-0.6405,0,0.1255,0.9736,0.1905,0,-0.6286,0.2266,-0.744,0,0.501,95.9459,0.5683,1]},
{"frame":338,"values":[0.7676,0.0265,-0.6404,0,0.1253,0.9736,0.1906,0,-0.6286,0.2266,-0.744,0,0.5003,95.9515,0.5742,1]},
{"frame":339,"values":[0.7676,0.0267,-0.6404,0,0.1252,0.9736,0.1907,0,-0.6286,0.2266,-0.744,0,0.4989,95.9548,0.5791,1]},
{"frame":340,"values":[0.7675,0.0268,-0.6404,0,0.1251,0.9736,0.1908,0,-0.6287,0.2265,-0.7439,0,0.4967,95.9575,0.5831,1]},
{"frame":341,"values":[0.7676,0.027,-0.6404,0,0.125,0.9736,0.1908,0,-0.6287,0.2265,-0.7439,0,0.4936,95.9612,0.5861,1]},
{"frame":342,"values":[0.7676,0.0271,-0.6404,0,0.1249,0.9736,0.1909,0,-0.6287,0.2265,-0.7439,0,0.4895,95.9656,0.5882,1]},
{"frame":343,"values":[0.7675,0.0273,-0.6404,0,0.1248,0.9736,0.191,0,-0.6287,0.2265,-0.7439,0,0.4845,95.9703,0.5893,1]},
{"frame":344,"values":[0.7674,0.0274,-0.6406,0,0.1247,0.9736,0.191,0,-0.6289,0.2265,-0.7438,0,0.4792,95.9747,0.5893,1]},
{"frame":345,"values":[0.7673,0.0275,-0.6406,0,0.1246,0.9736,0.1911,0,-0.629,0.2264,-0.7437,0,0.4735,95.9796,0.5883,1]},
{"frame":346,"values":[0.7674,0.0276,-0.6406,0,0.1245,0.9736,0.1911,0,-0.629,0.2264,-0.7437,0,0.4669,95.985,0.5864,1]},
{"frame":347,"values":[0.7674,0.0278,-0.6405,0,0.1243,0.9737,0.1912,0,-0.629,0.2263,-0.7438,0,0.4596,95.9907,0.5839,1]},
{"frame":348,"values":[0.7675,0.0279,-0.6405,0,0.1241,0.9737,0.1912,0,-0.6289,0.2263,-0.7438,0,0.452,95.9967,0.5808,1]},
{"frame":349,"values":[0.7676,0.0281,-0.6403,0,0.1239,0.9737,0.1913,0,-0.6289,0.2262,-0.7439,0,0.4439,96.003,0.5772,1]},
{"frame":350,"values":[0.7678,0.0282,-0.6401,0,0.1237,0.9737,0.1914,0,-0.6286,0.2261,-0.7441,0,0.4354,96.0094,0.5731,1]},
{"frame":351,"values":[0.7679,0.0284,-0.6399,0,0.1235,0.9737,0.1914,0,-0.6285,0.226,-0.7442,0,0.4269,96.0161,0.5685,1]},
{"frame":352,"values":[0.7679,0.0285,-0.6399,0,0.1234,0.9737,0.1914,0,-0.6286,0.226,-0.7442,0,0.4187,96.0229,0.5633,1]},
{"frame":353,"values":[0.7679,0.0287,-0.64,0,0.1232,0.9737,0.1915,0,-0.6286,0.2259,-0.7442,0,0.4105,96.0298,0.5576,1]},
{"frame":354,"values":[0.7678,0.0288,-0.64,0,0.1231,0.9737,0.1915,0,-0.6287,0.2258,-0.7441,0,0.4027,96.0369,0.5514,1]},
{"frame":355,"values":[0.7677,0.0289,-0.6402,0,0.123,0.9738,0.1915,0,-0.6289,0.2257,-0.744,0,0.3949,96.0439,0.5449,1]},
{"frame":356,"values":[0.7676,0.0291,-0.6403,0,0.1229,0.9738,0.1915,0,-0.6291,0.2257,-0.7439,0,0.3872,96.0511,0.538,1]},
{"frame":357,"values":[0.7675,0.0292,-0.6404,0,0.1228,0.9738,0.1915,0,-0.6292,0.2256,-0.7438,0,0.3791,96.0587,0.5308,1]},
{"frame":358,"values":[0.7674,0.0293,-0.6405,0,0.1227,0.9738,0.1915,0,-0.6293,0.2255,-0.7437,0,0.371,96.0671,0.5234,1]},
{"frame":359,"values":[0.7674,0.0294,-0.6405,0,0.1225,0.9738,0.1915,0,-0.6294,0.2254,-0.7437,0,0.3626,96.0758,0.5156,1]},
{"frame":360,"values":[0.7674,0.0295,-0.6404,0,0.1224,0.9738,0.1915,0,-0.6293,0.2253,-0.7438,0,0.3544,96.0844,0.5074,1]},
{"frame":361,"values":[0.7674,0.0295,-0.6405,0,0.1223,0.9739,0.1914,0,-0.6294,0.2252,-0.7438,0,0.3466,96.0925,0.4986,1]},
{"frame":362,"values":[0.7675,0.0295,-0.6404,0,0.1222,0.9739,0.1913,0,-0.6293,0.225,-0.7439,0,0.3388,96.1003,0.4896,1]},
{"frame":363,"values":[0.7676,0.0294,-0.6403,0,0.1221,0.9739,0.1911,0,-0.6292,0.2249,-0.744,0,0.3316,96.1079,0.4804,1]},
{"frame":364,"values":[0.7677,0.0294,-0.6402,0,0.122,0.974,0.191,0,-0.6291,0.2247,-0.7441,0,0.3246,96.1154,0.4708,1]},
{"frame":365,"values":[0.7676,0.0292,-0.6402,0,0.122,0.974,0.1907,0,-0.6292,0.2245,-0.7441,0,0.3182,96.1221,0.4608,1]},
{"frame":366,"values":[0.7676,0.0291,-0.6403,0,0.122,0.9741,0.1905,0,-0.6292,0.2243,-0.7441,0,0.3122,96.1279,0.4504,1]},
{"frame":367,"values":[0.7675,0.0289,-0.6405,0,0.122,0.9741,0.1902,0,-0.6294,0.2241,-0.7441,0,0.3068,96.1326,0.4398,1]},
{"frame":368,"values":[0.7674,0.0287,-0.6405,0,0.122,0.9742,0.1898,0,-0.6295,0.2239,-0.7441,0,0.3017,96.1356,0.4293,1]},
{"frame":369,"values":[0.7673,0.0285,-0.6407,0,0.1221,0.9743,0.1895,0,-0.6296,0.2237,-0.744,0,0.2975,96.1367,0.4193,1]},
{"frame":370,"values":[0.7671,0.0282,-0.6409,0,0.1222,0.9743,0.1892,0,-0.6298,0.2235,-0.7439,0,0.294,96.1369,0.4093,1]},
{"frame":371,"values":[0.767,0.028,-0.6411,0,0.1224,0.9743,0.1889,0,-0.6299,0.2233,-0.7439,0,0.291,96.1374,0.3994,1]},
{"frame":372,"values":[0.7669,0.0277,-0.6412,0,0.1225,0.9744,0.1886,0,-0.63,0.2232,-0.7438,0,0.2882,96.1394,0.3897,1]},
{"frame":373,"values":[0.7668,0.0274,-0.6413,0,0.1227,0.9744,0.1883,0,-0.63,0.223,-0.7439,0,0.2867,96.142,0.3802,1]},
{"frame":374,"values":[0.7668,0.0271,-0.6413,0,0.1228,0.9745,0.188,0,-0.63,0.2229,-0.7439,0,0.2855,96.1439,0.3712,1]},
{"frame":375,"values":[0.7668,0.0268,-0.6414,0,0.123,0.9745,0.1878,0,-0.63,0.2229,-0.7439,0,0.2847,96.1442,0.3626,1]},
{"frame":376,"values":[0.7668,0.0266,-0.6413,0,0.1231,0.9745,0.1876,0,-0.6299,0.2228,-0.744,0,0.284,96.1425,0.3545,1]},
{"frame":377,"values":[0.7669,0.0264,-0.6412,0,0.1233,0.9745,0.1875,0,-0.6298,0.2228,-0.7441,0,0.2837,96.1393,0.3469,1]},
{"frame":378,"values":[0.7669,0.0261,-0.6412,0,0.1234,0.9745,0.1874,0,-0.6298,0.2228,-0.7441,0,0.2838,96.1354,0.3397,1]},
{"frame":379,"values":[0.767,0.0259,-0.6412,0,0.1236,0.9745,0.1872,0,-0.6297,0.2228,-0.7442,0,0.2841,96.1315,0.3331,1]},
{"frame":380,"values":[0.767,0.0257,-0.6412,0,0.1238,0.9745,0.1871,0,-0.6297,0.2229,-0.7442,0,0.2849,96.1283,0.3276,1]},
{"frame":381,"values":[0.767,0.0255,-0.6411,0,0.1239,0.9745,0.187,0,-0.6296,0.2229,-0.7443,0,0.2858,96.1257,0.324,1]},
{"frame":382,"values":[0.7671,0.0253,-0.641,0,0.1241,0.9745,0.1869,0,-0.6294,0.2229,-0.7444,0,0.2867,96.1232,0.3217,1]},
{"frame":383,"values":[0.7671,0.0251,-0.641,0,0.1243,0.9745,0.1868,0,-0.6294,0.2229,-0.7444,0,0.288,96.12,0.3197,1]},
{"frame":384,"values":[0.7671,0.0249,-0.6411,0,0.1244,0.9745,0.1867,0,-0.6294,0.223,-0.7444,0,0.2894,96.1152,0.3177,1]},
{"frame":385,"values":[0.7671,0.0247,-0.641,0,0.1246,0.9745,0.1866,0,-0.6293,0.223,-0.7445,0,0.291,96.1083,0.3161,1]},
{"frame":386,"values":[0.7671,0.0245,-0.6411,0,0.1247,0.9745,0.1865,0,-0.6293,0.223,-0.7445,0,0.2926,96.1,0.3148,1]},
{"frame":387,"values":[0.767,0.0243,-0.6412,0,0.1249,0.9745,0.1864,0,-0.6294,0.223,-0.7444,0,0.2946,96.0905,0.3133,1]},
{"frame":388,"values":[0.767,0.0242,-0.6412,0,0.125,0.9745,0.1863,0,-0.6294,0.223,-0.7444,0,0.2971,96.0807,0.3115,1]},
{"frame":389,"values":[0.7669,0.0241,-0.6413,0,0.1251,0.9745,0.1862,0,-0.6295,0.2231,-0.7443,0,0.2999,96.0721,0.31,1]},
{"frame":390,"values":[0.7668,0.024,-0.6414,0,0.1253,0.9745,0.1862,0,-0.6295,0.2231,-0.7442,0,0.3031,96.0652,0.3089,1]},
