{"producer":{"name":"Blender","version":"2.81 (sub 16)","exporter_version":"6.3.1","file":"topaim.babylon"},
"autoClear":true,"clearColor":[0.0509,0.0509,0.0509],"gravity":[0,-9.81,0],
"materials":[{"name":"Material.001","id":"Material.001","customType":"BABYLON.PBRMaterial","backFaceCulling":true,"checkReadyOnlyOnce":false,"maxSimultaneousLights":4,"environmentIntensity":1,"albedo":[0.8,0.8,0.8],"reflectivity":[0.5,0.5,0.5],"roughness":0.4,"alpha":1,"transparencyMode":0,"alphaCutOff":0.4,"metallic":0}],
"multiMaterials":[],
"skeletons":[{"name":"Armature","id":0,"dimensionsAtRest":[201.9792,93.4903,19.6772],"bones":[
{"name":"mixamorig:Hips","index":0,"matrix":[1,0,0,0,0,1,0,0,0,0,-1,0,0,99.7919,-0.0001,1],"rest":[1,0,0,0,0,1,0,0,0,0,-1,0,0,99.6721,-0.2471,1],"parentBoneIndex":-1,"length":10.8627
,"animation":{"dataType":3,"framePerSecond":30,"keys":[
{"frame":1,"values":[0.5856,-0.1089,-0.8032,0,0.0425,0.9937,-0.1037,0,-0.8095,-0.0266,-0.5865,0,0.0511,95.0524,-0.7357,1]},
{"frame":2,"values":[0.5853,-0.1094,-0.8034,0,0.043,0.9937,-0.104,0,-0.8097,-0.0263,-0.5862,0,0.0605,94.9899,-0.7181,1]},
{"frame":3,"values":[0.5853,-0.1096,-0.8034,0,0.0433,0.9936,-0.104,0,-0.8097,-0.0261,-0.5863,0,0.0729,94.9388,-0.6959,1]},
{"frame":4,"values":[0.5856,-0.1098,-0.8031,0,0.0436,0.9936,-0.104,0,-0.8094,-0.0259,-0.5867,0,0.0867,94.8991,-0.6725,1]},
{"frame":5,"values":[0.5858,-0.11,-0.803,0,0.0437,0.9936,-0.1042,0,-0.8093,-0.0259,-0.5869,0,0.1015,94.8637,-0.6494,1]},
{"frame":6,"values":[0.5855,-0.1099,-0.8032,0,0.0437,0.9936,-0.1042,0,-0.8095,-0.0259,-0.5865,0,0.1193,94.8287,-0.6251,1]},
{"frame":7,"values":[0.5848,-0.1098,-0.8037,0,0.0436,0.9936,-0.104,0,-0.81,-0.0258,-0.5858,0,0.1375,94.7953,-0.5994,1]},
{"frame":8,"values":[0.5842,-0.1099,-0.8041,0,0.0438,0.9936,-0.104,0,-0.8104,-0.0255,-0.5853,0,0.1489,94.7645,-0.5749,1]},
{"frame":9,"values":[0.5839,-0.11,-0.8043,0,0.0441,0.9936,-0.1039,0,-0.8106,-0.0252,-0.585,0,0.151,94.7341,-0.5522,1]},
{"frame":10,"values":[0.5835,-0.1103,-0.8046,0,0.0446,0.9936,-0.1039,0,-0.8109,-0.0248,-0.5847,0,0.1474,94.703,-0.5288,1]},
{"frame":11,"values":[0.5832,-0.1107,-0.8048,0,0.0451,0.9936,-0.1041,0,-0.8111,-0.0244,-0.5844,0,0.1442,94.6722,-0.5021,1]},
{"frame":12,"values":[0.5832,-0.1113,-0.8047,0,0.0453,0.9935,-0.1045,0,-0.8111,-0.0244,-0.5844,0,0.142,94.6464,-0.4704,1]},
{"frame":13,"values":[0.5833,-0.1117,-0.8045,0,0.0454,0.9934,-0.105,0,-0.811,-0.0247,-0.5846,0,0.1338,94.6308,-0.434,1]},
{"frame":14,"values":[0.5833,-0.1121,-0.8045,0,0.0456,0.9934,-0.1053,0,-0.811,-0.0248,-0.5845,0,0.1187,94.6263,-0.398,1]},
{"frame":15,"values":[0.583,-0.1127,-0.8047,0,0.0459,0.9933,-0.1058,0,-0.8112,-0.0247,-0.5842,0,0.105,94.6276,-0.368,1]},
{"frame":16,"values":[0.5825,-0.1134,-0.8048,0,0.0464,0.9932,-0.1064,0,-0.8115,-0.0247,-0.5839,0,0.0947,94.628,-0.3436,1]},
{"frame":17,"values":[0.5822,-0.1142,-0.805,0,0.0467,0.9931,-0.1071,0,-0.8117,-0.0248,-0.5836,0,0.0815,94.6261,-0.3219,1]},
{"frame":18,"values":[0.5822,-0.1147,-0.8049,0,0.0468,0.9931,-0.1077,0,-0.8117,-0.025,-0.5835,0,0.0639,94.6272,-0.3043,1]},
{"frame":19,"values":[0.5824,-0.115,-0.8047,0,0.0468,0.993,-0.108,0,-0.8115,-0.0253,-0.5838,0,0.0453,94.6403,-0.2934,1]},
{"frame":20,"values":[0.583,-0.1151,-0.8042,0,0.0468,0.993,-0.1082,0,-0.8111,-0.0254,-0.5844,0,0.028,94.6693,-0.2916,1]},
{"frame":21,"values":[0.5837,-0.1149,-0.8038,0,0.0466,0.993,-0.1081,0,-0.8106,-0.0256,-0.585,0,0.0113,94.7105,-0.301,1]},
{"frame":22,"values":[0.5842,-0.1144,-0.8035,0,0.0463,0.9931,-0.1077,0,-0.8103,-0.0257,-0.5855,0,-0.0059,94.7564,-0.3188,1]},
{"frame":23,"values":[0.5847,-0.1137,-0.8033,0,0.0461,0.9932,-0.1071,0,-0.81,-0.0256,-0.5859,0,-0.0239,94.8017,-0.3404,1]},
{"frame":24,"values":[0.5854,-0.1131,-0.8028,0,0.0461,0.9933,-0.1063,0,-0.8094,-0.0252,-0.5867,0,-0.0427,94.8466,-0.3651,1]},
{"frame":25,"values":[0.5864,-0.1125,-0.8022,0,0.0462,0.9933,-0.1056,0,-0.8087,-0.0248,-0.5877,0,-0.0613,94.8936,-0.3951,1]},
{"frame":26,"values":[0.5874,-0.112,-0.8015,0,0.0462,0.9934,-0.105,0,-0.808,-0.0247,-0.5887,0,-0.0796,94.9393,-0.4296,1]},
{"frame":27,"values":[0.5883,-0.1115,-0.8009,0,0.046,0.9935,-0.1045,0,-0.8073,-0.0246,-0.5896,0,-0.1006,94.98,-0.4661,1]},
{"frame":28,"values":[0.5889,-0.1108,-0.8006,0,0.0458,0.9935,-0.1039,0,-0.8069,-0.0245,-0.5902,0,-0.1257,95.0247,-0.505,1]},
{"frame":29,"values":[0.5891,-0.1102,-0.8005,0,0.0454,0.9936,-0.1034,0,-0.8068,-0.0245,-0.5903,0,-0.1481,95.0759,-0.5474,1]},
{"frame":30,"values":[0.5888,-0.1098,-0.8008,0,0.0451,0.9937,-0.1031,0,-0.807,-0.0245,-0.59,0,-0.1625,95.1256,-0.587,1]},
{"frame":31,"values":[0.5884,-0.1093,-0.8012,0,0.0448,0.9937,-0.1027,0,-0.8073,-0.0245,-0.5896,0,-0.1704,95.1716,-0.6189,1]},
{"frame":32,"values":[0.588,-0.1086,-0.8016,0,0.0441,0.9938,-0.1022,0,-0.8077,-0.0247,-0.5891,0,-0.1754,95.2194,-0.6418,1]},
{"frame":33,"values":[0.5877,-0.1081,-0.8018,0,0.0435,0.9938,-0.1021,0,-0.8079,-0.0251,-0.5888,0,-0.1765,95.2633,-0.6594,1]},
{"frame":34,"values":[0.5877,-0.108,-0.8018,0,0.0431,0.9938,-0.1023,0,-0.8079,-0.0256,-0.5887,0,-0.1694,95.2932,-0.6776,1]},
{"frame":35,"values":[0.5876,-0.1081,-0.8019,0,0.0426,0.9938,-0.1027,0,-0.808,-0.0261,-0.5885,0,-0.1532,95.3092,-0.6932,1]},
{"frame":36,"values":[0.5872,-0.1079,-0.8022,0,0.042,0.9938,-0.1029,0,-0.8084,-0.0267,-0.5881,0,-0.1316,95.3096,-0.7021,1]},
{"frame":37,"values":[0.5868,-0.108,-0.8025,0,0.0417,0.9938,-0.1033,0,-0.8087,-0.0272,-0.5877,0,-0.105,95.2843,-0.711,1]},
{"frame":38,"values":[0.5866,-0.1084,-0.8026,0,0.0418,0.9937,-0.1036,0,-0.8088,-0.0273,-0.5874,0,-0.0688,95.2338,-0.7257,1]},
{"frame":39,"values":[0.5864,-0.1085,-0.8027,0,0.0421,0.9937,-0.1036,0,-0.8089,-0.0269,-0.5873,0,-0.0254,95.1745,-0.7385,1]},
{"frame":40,"values":[0.5861,-0.1086,-0.803,0,0.0424,0.9937,-0.1034,0,-0.8092,-0.0266,-0.587,0,0.0153,95.1152,-0.7422,1]},
{"frame":41,"values":[0.5856,-0.1089,-0.8032,0,0.0425,0.9937,-0.1037,0,-0.8095,-0.0266,-0.5865,0,0.0511,95.0524,-0.7357,1]},
{"frame":51,"values":[0.767,0.0244,-0.6412,0,0.1268,0.9738,0.1887,0,-0.6291,0.226,-0.7438,0,0.4441,95.9228,0.3698,1]},
{"frame":52,"values":[0.767,0.0244,-0.6412,0,0.1268,0.9738,0.1887,0,-0.629,0.226,-0.7438,0,0.4515,95.9186,0.3802,1]},
{"frame":53,"values":[0.767,0.0245,-0.6411,0,0.1267,0.9738,0.1888,0,-0.629,0.2261,-0.7438,0,0.4586,95.9151,0.3918,1]},
{"frame":54,"values":[0.7671,0.0245,-0.6411,0,0.1267,0.9738,0.1888,0,-0.6289,0.2261,-0.7439,0,0.4655,95.9122,0.4044,1]},
{"frame":55,"values":[0.7672,0.0246,-0.6409,0,0.1266,0.9738,0.1889,0,-0.6288,0.2261,-0.744,0,0.4721,95.9099,0.4178,1]},
{"frame":56,"values":[0.7673,0.0247,-0.6408,0,0.1265,0.9738,0.189,0,-0.6287,0.2261,-0.7441,0,0.4783,95.9085,0.4319,1]},
{"frame":57,"values":[0.7674,0.0248,-0.6407,0,0.1264,0.9738,0.1892,0,-0.6286,0.2262,-0.7442,0,0.4843,95.9077,0.4463,1]},
{"frame":58,"values":[0.7675,0.0249,-0.6405,0,0.1263,0.9738,0.1893,0,-0.6284,0.2262,-0.7442,0,0.49,95.9085,0.4608,1]},
{"frame":59,"values":[0.7676,0.0251,-0.6404,0,0.1262,0.9738,0.1894,0,-0.6283,0.2262,-0.7443,0,0.4947,95.9105,0.4754,1]},
{"frame":60,"values":[0.7677,0.0252,-0.6403,0,0.1261,0.9737,0.1896,0,-0.6283,0.2263,-0.7444,0,0.4982,95.9134,0.4898,1]},
{"frame":61,"values":[0.7678,0.0254,-0.6402,0,0.126,0.9737,0.1897,0,-0.6282,0.2263,-0.7444,0,0.5003,95.917,0.5037,1]},
{"frame":62,"values":[0.7678,0.0255,-0.6402,0,0.1259,0.9737,0.1898,0,-0.6282,0.2264,-0.7444,0,0.5014,95.9214,0.5171,1]},
{"frame":63,"values":[0.7678,0.0257,-0.6402,0,0.1258,0.9737,0.19,0,-0.6283,0.2264,-0.7443,0,0.5018,95.926,0.5297,1]},
{"frame":64,"values":[0.7677,0.0259,-0.6403,0,0.1257,0.9737,0.1901,0,-0.6283,0.2264,-0.7443,0,0.5017,95.9307,0.5413,1]},
{"frame":65,"values":[0.7677,0.0261,-0.6403,0,0.1256,0.9737,0.1902,0,-0.6284,0.2265,-0.7442,0,0.5013,95.9355,0.5517,1]},
{"frame":66,"values":[0.7676,0.0262,-0.6404,0,0.1255,0.9737,0.1904,0,-0.6285,0.2265,-0.7441,0,0.501,95.9406,0.5608,1]},
{"frame":67,"values":[0.7675,0.0264,-0.6405,0,0.1255,0.9736,0.1905,0,-0.6286,0.2266,-0.744,0,0.501,95.9459,0.5683,1]},
{"frame":68,"values":[0.7676,0.0265,-0.6404,0,0.1253,0.9736,0.1906,0,-0.6286,0.2266,-0.744,0,0.5003,95.9515,0.5742,1]},
{"frame":69,"values":[0.7676,0.0267,-0.6404,0,0.1252,0.9736,0.1907,0,-0.6286,0.2266,-0.744,0,0.4989,95.9548,0.5791,1]},
{"frame":70,"values":[0.7675,0.0268,-0.6404,0,0.1251,0.9736,0.1908,0,-0.6287,0.2265,-0.7439,0,0.4967,95.9575,0.5831,1]},
{"frame":71,"values":[0.7676,0.027,-0.6404,0,0.125,0.9736,0.1908,0,-0.6287,0.2265,-0.7439,0,0.4936,95.9612,0.5861,1]},
{"frame":72,"values":[0.7676,0.0271,-0.6404,0,0.1249,0.9736,0.1909,0,-0.6287,0.2265,-0.7439,0,0.4895,95.9656,0.5882,1]},
{"frame":73,"values":[0.7675,0.0273,-0.6404,0,0.1248,0.9736,0.191,0,-0.6287,0.2265,-0.7439,0,0.4845,95.9703,0.5893,1]},
{"frame":74,"values":[0.7674,0.0274,-0.6406,0,0.1247,0.9736,0.191,0,-0.6289,0.2265,-0.7438,0,0.4792,95.9747,0.5893,1]},
{"frame":75,"values":[0.7673,0.0275,-0.6406,0,0.1246,0.9736,0.1911,0,-0.629,0.2264,-0.7437,0,0.4735,95.9796,0.5883,1]},
{"frame":76,"values":[0.7674,0.0276,-0.6406,0,0.1245,0.9736,0.1911,0,-0.629,0.2264,-0.7437,0,0.4669,95.985,0.5864,1]},
{"frame":77,"values":[0.7674,0.0278,-0.6405,0,0.1243,0.9737,0.1912,0,-0.629,0.2263,-0.7438,0,0.4596,95.9907,0.5839,1]},
{"frame":78,"values":[0.7675,0.0279,-0.6405,0,0.1241,0.9737,0.1912,0,-0.6289,0.2263,-0.7438,0,0.452,95.9967,0.5808,1]},
{"frame":79,"values":[0.7676,0.0281,-0.6403,0,0.1239,0.9737,0.1913,0,-0.6289,0.2262,-0.7439,0,0.4439,96.003,0.5772,1]},
{"frame":80,"values":[0.7678,0.0282,-0.6401,0,0.1237,0.9737,0.1914,0,-0.6286,0.2261,-0.7441,0,0.4354,96.0094,0.5731,1]},
{"frame":81,"values":[0.7679,0.0284,-0.6399,0,0.1235,0.9737,0.1914,0,-0.6285,0.226,-0.7442,0,0.4269,96.0161,0.5685,1]},
{"frame":82,"values":[0.7679,0.0285,-0.6399,0,0.1234,0.9737,0.1914,0,-0.6286,0.226,-0.7442,0,0.4187,96.0229,0.5633,1]},
{"frame":83,"values":[0.7679,0.0287,-0.64,0,0.1232,0.9737,0.1915,0,-0.6286,0.2259,-0.7442,0,0.4105,96.0298,0.5576,1]},
{"frame":84,"values":[0.7678,0.0288,-0.64,0,0.1231,0.9737,0.1915,0,-0.6287,0.2258,-0.7441,0,0.4027,96.0369,0.5514,1]},
{"frame":85,"values":[0.7677,0.0289,-0.6402,0,0.123,0.9738,0.1915,0,-0.6289,0.2257,-0.744,0,0.3949,96.0439,0.5449,1]},
{"frame":86,"values":[0.7676,0.0291,-0.6403,0,0.1229,0.9738,0.1915,0,-0.6291,0.2257,-0.7439,0,0.3872,96.0511,0.538,1]},
{"frame":87,"values":[0.7675,0.0292,-0.6404,0,0.1228,0.9738,0.1915,0,-0.6292,0.2256,-0.7438,0,0.3791,96.0587,0.5308,1]},
{"frame":88,"values":[0.7674,0.0293,-0.6405,0,0.1227,0.9738,0.1915,0,-0.6293,0.2255,-0.7437,0,0.371,96.0671,0.5234,1]},
{"frame":89,"values":[0.7674,0.0294,-0.6405,0,0.1225,0.9738,0.1915,0,-0.6294,0.2254,-0.7437,0,0.3626,96.0758,0.5156,1]},
{"frame":90,"values":[0.7674,0.0295,-0.6404,0,0.1224,0.9738,0.1915,0,-0.6293,0.2253,-0.7438,0,0.3544,96.0844,0.5074,1]},
{"frame":91,"values":[0.7674,0.0295,-0.6405,0,0.1223,0.9739,0.1914,0,-0.6294,0.2252,-0.7438,0,0.3466,96.0925,0.4986,1]},
{"frame":92,"values":[0.7675,0.0295,-0.6404,0,0.1222,0.9739,0.1913,0,-0.6293,0.225,-0.7439,0,0.3388,96.1003,0.4896,1]},
{"frame":93,"values":[0.7676,0.0294,-0.6403,0,0.1221,0.9739,0.1911,0,-0.6292,0.2249,-0.744,0,0.3316,96.1079,0.4804,1]},
{"frame":94,"values":[0.7677,0.0294,-0.6402,0,0.122,0.974,0.191,0,-0.6291,0.2247,-0.7441,0,0.3246,96.1154,0.4708,1]},
{"frame":95,"values":[0.7676,0.0292,-0.6402,0,0.122,0.974,0.1907,0,-0.6292,0.2245,-0.7441,0,0.3182,96.1221,0.4608,1]},
{"frame":96,"values":[0.7676,0.0291,-0.6403,0,0.122,0.9741,0.1905,0,-0.6292,0.2243,-0.7441,0,0.3122,96.1279,0.4504,1]},
{"frame":97,"values":[0.7675,0.0289,-0.6405,0,0.122,0.9741,0.1902,0,-0.6294,0.2241,-0.7441,0,0.3068,96.1326,0.4398,1]},
{"frame":98,"values":[0.7674,0.0287,-0.6405,0,0.122,0.9742,0.1898,0,-0.6295,0.2239,-0.7441,0,0.3017,96.1356,0.4293,1]},
{"frame":99,"values":[0.7673,0.0285,-0.6407,0,0.1221,0.9743,0.1895,0,-0.6296,0.2237,-0.744,0,0.2975,96.1367,0.4193,1]},
{"frame":100,"values":[0.7671,0.0282,-0.6409,0,0.1222,0.9743,0.1892,0,-0.6298,0.2235,-0.7439,0,0.294,96.1369,0.4093,1]},
{"frame":101,"values":[0.767,0.028,-0.6411,0,0.1224,0.9743,0.1889,0,-0.6299,0.2233,-0.7439,0,0.291,96.1374,0.3994,1]},
{"frame":102,"values":[0.7669,0.0277,-0.6412,0,0.1225,0.9744,0.1886,0,-0.63,0.2232,-0.7438,0,0.2882,96.1394,0.3897,1]},
{"frame":103,"values":[0.7668,0.0274,-0.6413,0,0.1227,0.9744,0.1883,0,-0.63,0.223,-0.7439,0,0.2867,96.142,0.3802,1]},
{"frame":104,"values":[0.7668,0.0271,-0.6413,0,0.1228,0.9745,0.188,0,-0.63,0.2229,-0.7439,0,0.2855,96.1439,0.3712,1]},
{"frame":105,"values":[0.7668,0.0268,-0.6414,0,0.123,0.9745,0.1878,0,-0.63,0.2229,-0.7439,0,0.2847,96.1442,0.3626,1]},
{"frame":106,"values":[0.7668,0.0266,-0.6413,0,0.1231,0.9745,0.1876,0,-0.6299,0.2228,-0.744,0,0.284,96.1425,0.3545,1]},
{"frame":107,"values":[0.7669,0.0264,-0.6412,0,0.1233,0.9745,0.1875,0,-0.6298,0.2228,-0.7441,0,0.2837,96.1393,0.3469,1]},
{"frame":108,"values":[0.7669,0.0261,-0.6412,0,0.1234,0.9745,0.1874,0,-0.6298,0.2228,-0.7441,0,0.2838,96.1354,0.3397,1]},
{"frame":109,"values":[0.767,0.0259,-0.6412,0,0.1236,0.9745,0.1872,0,-0.6297,0.2228,-0.7442,0,0.2841,96.1315,0.3331,1]},
{"frame":110,"values":[0.767,0.0257,-0.6412,0,0.1238,0.9745,0.1871,0,-0.6297,0.2229,-0.7442,0,0.2849,96.1283,0.3276,1]},
{"frame":111,"values":[0.767,0.0255,-0.6411,0,0.1239,0.9745,0.187,0,-0.6296,0.2229,-0.7443,0,0.2858,96.1257,0.324,1]},
{"frame":112,"values":[0.7671,0.0253,-0.641,0,0.1241,0.9745,0.1869,0,-0.6294,0.2229,-0.7444,0,0.2867,96.1232,0.3217,1]},
{"frame":113,"values":[0.7671,0.0251,-0.641,0,0.1243,0.9745,0.1868,0,-0.6294,0.2229,-0.7444,0,0.288,96.12,0.3197,1]},
{"frame":114,"values":[0.7671,0.0249,-0.6411,0,0.1244,0.9745,0.1867,0,-0.6294,0.223,-0.7444,0,0.2894,96.1152,0.3177,1]},
{"frame":115,"values":[0.7671,0.0247,-0.641,0,0.1246,0.9745,0.1866,0,-0.6293,0.223,-0.7445,0,0.291,96.1083,0.3161,1]},
{"frame":116,"values":[0.7671,0.0245,-0.6411,0,0.1247,0.9745,0.1865,0,-0.6293,0.223,-0.7445,0,0.2926,96.1,0.3148,1]},
{"frame":117,"values":[0.767,0.0243,-0.6412,0,0.1249,0.9745,0.1864,0,-0.6294,0.223,-0.7444,0,0.2946,96.0905,0.3133,1]},
{"frame":118,"values":[0.767,0.0242,-0.6412,0,0.125,0.9745,0.1863,0,-0.6294,0.223,-0.7444,0,0.2971,96.0807,0.3115,1]},
{"frame":119,"values":[0.7669,0.0241,-0.6413,0,0.1251,0.9745,0.1862,0,-0.6295,0.2231,-0.7443,0,0.2999,96.0721,0.31,1]},
{"frame":120,"values":[0.7668,0.024,-0.6414,0,0.1253,0.9745,0.1862,0,-0.6295,0.2231,-0.7442,0,0.3031,96.0652,0.3089,1]},
{"frame":121,"values":[0.7667,0.0239,-0.6415,0,0.1254,0.9745,0.1862,0,-0.6296,0.2232,-0.7441,0,0.3068,96.0598,0.3079,1]},
{"frame":122,"values":[0.7666,0.0238,-0.6416,0,0.1255,0.9745,0.1862,0,-0.6297,0.2233,-0.7441,0,0.311,96.0545,0.3071,1]},
{"frame":123,"values":[0.7665,0.0238,-0.6418,0,0.1257,0.9744,0.1862,0,-0.6298,0.2234,-0.744,0,0.3155,96.048,0.3062,1]},
{"frame":124,"values":[0.7664,0.0237,-0.6419,0,0.1258,0.9744,0.1862,0,-0.6299,0.2235,-0.7438,0,0.3202,96.0404,0.3055,1]},
{"frame":125,"values":[0.7664,0.0237,-0.642,0,0.1259,0.9744,0.1863,0,-0.6299,0.2236,-0.7438,0,0.3247,96.0322,0.3051,1]},
{"frame":126,"values":[0.7663,0.0236,-0.642,0,0.1261,0.9744,0.1864,0,-0.6299,0.2237,-0.7437,0,0.3291,96.0241,0.3048,1]},
{"frame":127,"values":[0.7664,0.0236,-0.642,0,0.1261,0.9743,0.1864,0,-0.6299,0.2239,-0.7437,0,0.3333,96.0166,0.3048,1]},
{"frame":128,"values":[0.7664,0.0236,-0.642,0,0.1262,0.9743,0.1865,0,-0.6299,0.224,-0.7437,0,0.3373,96.0096,0.305,1]},
{"frame":129,"values":[0.7664,0.0236,-0.6419,0,0.1263,0.9743,0.1866,0,-0.6298,0.2241,-0.7437,0,0.341,96.0032,0.3055,1]},
{"frame":130,"values":[0.7665,0.0236,-0.6419,0,0.1263,0.9743,0.1867,0,-0.6297,0.2242,-0.7437,0,0.3445,95.9977,0.3063,1]},
{"frame":131,"values":[0.7665,0.0236,-0.6418,0,0.1264,0.9742,0.1868,0,-0.6297,0.2243,-0.7438,0,0.3485,95.9928,0.3074,1]},
{"frame":132,"values":[0.7665,0.0237,-0.6418,0,0.1264,0.9742,0.1869,0,-0.6296,0.2244,-0.7438,0,0.354,95.9877,0.3088,1]},
{"frame":133,"values":[0.7666,0.0237,-0.6417,0,0.1265,0.9742,0.1871,0,-0.6296,0.2246,-0.7438,0,0.3598,95.9821,0.3105,1]},
{"frame":134,"values":[0.7666,0.0237,-0.6416,0,0.1265,0.9741,0.1872,0,-0.6295,0.2247,-0.7438,0,0.3659,95.9759,0.3126,1]},
{"frame":135,"values":[0.7667,0.0237,-0.6416,0,0.1266,0.9741,0.1873,0,-0.6294,0.2248,-0.7438,0,0.3722,95.97,0.3151,1]},
{"frame":136,"values":[0.7667,0.0238,-0.6415,0,0.1266,0.9741,0.1874,0,-0.6294,0.2249,-0.7439,0,0.3787,95.9648,0.3186,1]},
{"frame":137,"values":[0.7668,0.0238,-0.6415,0,0.1267,0.9741,0.1876,0,-0.6293,0.2251,-0.7439,0,0.3854,95.96,0.323,1]},
{"frame":138,"values":[0.7668,0.0239,-0.6414,0,0.1267,0.974,0.1877,0,-0.6292,0.2252,-0.7439,0,0.3923,95.9552,0.3279,1]},
{"frame":139,"values":[0.7669,0.0239,-0.6414,0,0.1267,0.974,0.1878,0,-0.6292,0.2253,-0.7439,0,0.3992,95.9506,0.333,1]},
{"frame":140,"values":[0.7669,0.024,-0.6413,0,0.1267,0.974,0.188,0,-0.6291,0.2254,-0.7439,0,0.4063,95.9461,0.3384,1]},
{"frame":141,"values":[0.7669,0.024,-0.6413,0,0.1268,0.9739,0.1881,0,-0.6291,0.2256,-0.7439,0,0.4134,95.9416,0.3439,1]},
{"frame":142,"values":[0.7669,0.0241,-0.6413,0,0.1268,0.9739,0.1882,0,-0.6291,0.2257,-0.7439,0,0.42,95.9371,0.3489,1]},
{"frame":143,"values":[0.7669,0.0242,-0.6413,0,0.1268,0.9739,0.1884,0,-0.6291,0.2258,-0.7438,0,0.4293,95.9327,0.3566,1]},
{"frame":144,"values":[0.767,0.0243,-0.6412,0,0.1268,0.9738,0.1885,0,-0.6291,0.2259,-0.7438,0,0.4442,95.9282,0.37,1]},
{"frame":151,"values":[1,0,0,0,0,1,0,0,0,0,-1,0,0,99.7919,-0.0001,1]},
{"frame":152,"values":[1,0,0,0,0,1,0,0,0,0,-1,0,0,99.7919,-0.0001,1]}],"loopBehavior":1,"name":"anim","property":"_matrix"}},
{"name":"mixamorig:Spine","index":1,"matrix":[1,0,0,0,0,1,0,0,0,0,1,0,0,9.9235,-1.2273,1],"rest":[1,0,0,0,0,1,0,0,0,0,1,0,0,9.9235,-1.2273,1],"parentBoneIndex":0,"length":11.732
,"animation":{"dataType":3,"framePerSecond":30,"keys":[
{"frame":1,"values":[0.9921,0.0489,-0.1157,0,-0.0434,0.9978,0.0496,0,0.1179,-0.0442,0.992,0,0,9.9235,-1.2273,1]},
{"frame":2,"values":[0.9921,0.0495,-0.1156,0,-0.0439,0.9978,0.05,0,0.1179,-0.0445,0.992,0,0,9.9235,-1.2273,1]},
{"frame":3,"values":[0.9921,0.0499,-0.1154,0,-0.0443,0.9977,0.0505,0,0.1176,-0.045,0.992,0,0,9.9235,-1.2273,1]},
{"frame":4,"values":[0.9921,0.0502,-0.1151,0,-0.0446,0.9977,0.0509,0,0.1173,-0.0453,0.9921,0,0,9.9235,-1.2273,1]},
{"frame":5,"values":[0.9921,0.0504,-0.1148,0,-0.0448,0.9977,0.0512,0,0.1171,-0.0456,0.9921,0,0,9.9235,-1.2273,1]},
{"frame":6,"values":[0.9921,0.0505,-0.1148,0,-0.0448,0.9977,0.0515,0,0.1171,-0.046,0.9921,0,0,9.9235,-1.2273,1]},
{"frame":7,"values":[0.9921,0.0505,-0.1149,0,-0.0448,0.9976,0.0519,0,0.1173,-0.0464,0.992,0,0,9.9235,-1.2273,1]},
{"frame":8,"values":[0.9921,0.0506,-0.1149,0,-0.0449,0.9976,0.0523,0,0.1172,-0.0467,0.992,0,0,9.9235,-1.2273,1]},
{"frame":9,"values":[0.9921,0.0507,-0.1145,0,-0.0449,0.9976,0.0524,0,0.1169,-0.0469,0.992,0,0,9.9235,-1.2273,1]},
{"frame":10,"values":[0.9922,0.0506,-0.114,0,-0.0448,0.9976,0.0526,0,0.1164,-0.0471,0.9921,0,0,9.9235,-1.2273,1]},
{"frame":11,"values":[0.9923,0.0506,-0.1135,0,-0.0448,0.9976,0.0529,0,0.1159,-0.0474,0.9921,0,0,9.9235,-1.2273,1]},
{"frame":12,"values":[0.9923,0.0506,-0.1132,0,-0.0448,0.9976,0.0529,0,0.1156,-0.0475,0.9922,0,0,9.9234,-1.2273,1]},
{"frame":13,"values":[0.9923,0.0503,-0.1129,0,-0.0445,0.9976,0.0529,0,0.1153,-0.0474,0.9922,0,0,9.9235,-1.2273,1]},
{"frame":14,"values":[0.9924,0.0498,-0.1125,0,-0.0441,0.9976,0.0528,0,0.1149,-0.0475,0.9922,0,0,9.9235,-1.2273,1]},
{"frame":15,"values":[0.9924,0.0497,-0.1123,0,-0.044,0.9976,0.0528,0,0.1147,-0.0475,0.9923,0,0,9.9235,-1.2273,1]},
{"frame":16,"values":[0.9924,0.0498,-0.1125,0,-0.0441,0.9976,0.0526,0,0.1149,-0.0473,0.9923,0,0,9.9235,-1.2273,1]},
{"frame":17,"values":[0.9924,0.05,-0.1128,0,-0.0443,0.9976,0.0524,0,0.1152,-0.047,0.9922,0,0,9.9235,-1.2273,1]},
{"frame":18,"values":[0.9924,0.0499,-0.1129,0,-0.0442,0.9977,0.052,0,0.1152,-0.0466,0.9922,0,0,9.9235,-1.2273,1]},
{"frame":19,"values":[0.9924,0.0498,-0.1129,0,-0.0442,0.9977,0.0515,0,0.1152,-0.0462,0.9923,0,0,9.9235,-1.2273,1]},
{"frame":20,"values":[0.9923,0.0497,-0.1131,0,-0.0442,0.9977,0.0511,0,0.1154,-0.0457,0.9923,0,0,9.9235,-1.2273,1]},
{"frame":21,"values":[0.9923,0.0496,-0.1135,0,-0.0441,0.9977,0.0506,0,0.1158,-0.0452,0.9922,0,0,9.9235,-1.2273,1]},
{"frame":22,"values":[0.9922,0.0493,-0.1141,0,-0.0439,0.9978,0.0501,0,0.1163,-0.0447,0.9922,0,0,9.9235,-1.2273,1]},
{"frame":23,"values":[0.9922,0.0491,-0.1146,0,-0.0436,0.9978,0.0497,0,0.1168,-0.0443,0.9922,0,0,9.9235,-1.2273,1]},
{"frame":24,"values":[0.9922,0.049,-0.115,0,-0.0435,0.9978,0.0495,0,0.1172,-0.0441,0.9921,0,0,9.9235,-1.2273,1]},
{"frame":25,"values":[0.9921,0.049,-0.1152,0,-0.0436,0.9978,0.0492,0,0.1174,-0.0438,0.9921,0,0,9.9235,-1.2273,1]},
{"frame":26,"values":[0.9921,0.049,-0.1152,0,-0.0437,0.9979,0.0488,0,0.1174,-0.0434,0.9921,0,0,9.9235,-1.2273,1]},
{"frame":27,"values":[0.9922,0.0488,-0.1151,0,-0.0435,0.9979,0.0483,0,0.1172,-0.0429,0.9922,0,0,9.9234,-1.2273,1]},
{"frame":28,"values":[0.9922,0.0483,-0.115,0,-0.043,0.9979,0.0478,0,0.1171,-0.0424,0.9922,0,0,9.9235,-1.2273,1]},
{"frame":29,"values":[0.9922,0.0479,-0.1152,0,-0.0427,0.998,0.0472,0,0.1172,-0.0419,0.9922,0,0,9.9235,-1.2273,1]},
{"frame":30,"values":[0.9922,0.0477,-0.1155,0,-0.0426,0.998,0.0468,0,0.1175,-0.0415,0.9922,0,0,9.9235,-1.2273,1]},
{"frame":31,"values":[0.9922,0.0474,-0.1157,0,-0.0423,0.998,0.0465,0,0.1176,-0.0413,0.9922,0,0,9.9235,-1.2273,1]},
{"frame":32,"values":[0.9922,0.0467,-0.1158,0,-0.0416,0.9981,0.0462,0,0.1177,-0.041,0.9922,0,0,9.9235,-1.2273,1]},
{"frame":33,"values":[0.9922,0.0462,-0.1158,0,-0.0411,0.9981,0.0459,0,0.1177,-0.0408,0.9922,0,0,9.9235,-1.2273,1]},
{"frame":34,"values":[0.9922,0.0462,-0.1158,0,-0.0411,0.9981,0.0457,0,0.1177,-0.0406,0.9922,0,0,9.9235,-1.2273,1]},
{"frame":35,"values":[0.9922,0.0462,-0.1158,0,-0.0411,0.9981,0.0457,0,0.1176,-0.0406,0.9922,0,0,9.9235,-1.2273,1]},
{"frame":36,"values":[0.9922,0.046,-0.1158,0,-0.0409,0.9981,0.0458,0,0.1177,-0.0407,0.9922,0,0,9.9235,-1.2273,1]},
{"frame":37,"values":[0.9922,0.0462,-0.1158,0,-0.0411,0.9981,0.0461,0,0.1177,-0.041,0.9922,0,0,9.9235,-1.2273,1]},
{"frame":38,"values":[0.9922,0.0471,-0.1158,0,-0.0419,0.998,0.0469,0,0.1178,-0.0417,0.9922,0,0,9.9235,-1.2273,1]},
{"frame":39,"values":[0.9921,0.0479,-0.1158,0,-0.0426,0.9979,0.048,0,0.1178,-0.0427,0.9921,0,0,9.9235,-1.2273,1]},
{"frame":40,"values":[0.9921,0.0484,-0.1158,0,-0.043,0.9979,0.049,0,0.1179,-0.0436,0.9921,0,0,9.9235,-1.2273,1]},
{"frame":41,"values":[0.9921,0.0489,-0.1157,0,-0.0434,0.9978,0.0496,0,0.1179,-0.0442,0.992,0,0,9.9235,-1.2273,1]},
{"frame":51,"values":[1,-0.0027,0.0006,0,0.0026,0.9903,0.1391,0,-0.001,-0.1391,0.9903,0,0,9.9235,-1.2273,1]},
{"frame":52,"values":[1,-0.0025,0.0006,0,0.0024,0.9903,0.139,0,-0.001,-0.139,0.9903,0,0,9.9235,-1.2273,1]},
{"frame":53,"values":[1,-0.0023,0.0007,0,0.0022,0.9903,0.1388,0,-0.001,-0.1388,0.9903,0,0,9.9235,-1.2273,1]},
{"frame":54,"values":[1,-0.0021,0.0007,0,0.002,0.9903,0.1386,0,-0.001,-0.1386,0.9903,0,0,9.9235,-1.2273,1]},
{"frame":55,"values":[1,-0.002,0.0008,0,0.0018,0.9904,0.1383,0,-0.0011,-0.1383,0.9904,0,0,9.9235,-1.2273,1]},
{"frame":56,"values":[1,-0.0018,0.0009,0,0.0017,0.9904,0.138,0,-0.0011,-0.138,0.9904,0,0,9.9235,-1.2273,1]},
{"frame":57,"values":[1,-0.0017,0.001,0,0.0015,0.9905,0.1376,0,-0.0012,-0.1376,0.9905,0,0,9.9235,-1.2273,1]},
{"frame":58,"values":[1,-0.0015,0.0011,0,0.0014,0.9906,0.1371,0,-0.0013,-0.1371,0.9906,0,0,9.9235,-1.2273,1]},
{"frame":59,"values":[1,-0.0014,0.0012,0,0.0012,0.9906,0.1366,0,-0.0014,-0.1366,0.9906,0,0,9.9235,-1.2273,1]},
{"frame":60,"values":[1,-0.0012,0.0013,0,0.001,0.9907,0.1361,0,-0.0015,-0.1361,0.9907,0,0,9.9235,-1.2273,1]},
{"frame":61,"values":[1,-0.0011,0.0014,0,0.0009,0.9908,0.1356,0,-0.0015,-0.1356,0.9908,0,0,9.9235,-1.2273,1]},
{"frame":62,"values":[1,-0.0009,0.0014,0,0.0007,0.9908,0.1351,0,-0.0015,-0.1351,0.9908,0,0,9.9235,-1.2273,1]},
{"frame":63,"values":[1,-0.0007,0.0014,0,0.0005,0.9909,0.1346,0,-0.0015,-0.1346,0.9909,0,0,9.9235,-1.2273,1]},
{"frame":64,"values":[1,-0.0005,0.0014,0,0.0003,0.991,0.134,0,-0.0015,-0.134,0.991,0,0,9.9235,-1.2273,1]},
{"frame":65,"values":[1,-0.0003,0.0015,0,0.0001,0.9911,0.1333,0,-0.0015,-0.1333,0.9911,0,0,9.9235,-1.2273,1]},
{"frame":66,"values":[1,-0.0001,0.0015,0,-0.0001,0.9912,0.1326,0,-0.0015,-0.1326,0.9912,0,0,9.9235,-1.2273,1]},
{"frame":67,"values":[1,0.0001,0.0015,0,-0.0003,0.9913,0.1318,0,-0.0014,-0.1318,0.9913,0,0,9.9235,-1.2273,1]},
{"frame":68,"values":[1,0.0004,0.0014,0,-0.0006,0.9914,0.131,0,-0.0014,-0.131,0.9914,0,0,9.9235,-1.2273,1]},
{"frame":69,"values":[1,0.0007,0.0014,0,-0.0008,0.9915,0.1301,0,-0.0013,-0.1301,0.9915,0,0,9.9235,-1.2273,1]},
{"frame":70,"values":[1,0.0009,0.0013,0,-0.0011,0.9916,0.1291,0,-0.0012,-0.1291,0.9916,0,0,9.9235,-1.2273,1]},
{"frame":71,"values":[1,0.0012,0.0013,0,-0.0013,0.9918,0.1281,0,-0.0012,-0.1281,0.9918,0,0,9.9234,-1.2273,1]},
{"frame":72,"values":[1,0.0014,0.0013,0,-0.0015,0.9919,0.1271,0,-0.0011,-0.1271,0.9919,0,0,9.9235,-1.2273,1]},
{"frame":73,"values":[1,0.0016,0.0013,0,-0.0017,0.992,0.126,0,-0.0011,-0.126,0.992,0,0,9.9235,-1.2273,1]},
{"frame":74,"values":[1,0.0018,0.0012,0,-0.0019,0.9922,0.1249,0,-0.001,-0.1249,0.9922,0,0,9.9235,-1.2273,1]},
{"frame":75,"values":[1,0.002,0.0012,0,-0.0021,0.9923,0.1238,0,-0.001,-0.1238,0.9923,0,0,9.9235,-1.2273,1]},
{"frame":76,"values":[1,0.0022,0.0012,0,-0.0023,0.9924,0.1228,0,-0.0009,-0.1228,0.9924,0,0,9.9235,-1.2273,1]},
{"frame":77,"values":[1,0.0024,0.0012,0,-0.0025,0.9926,0.1217,0,-0.0009,-0.1217,0.9926,0,0,9.9235,-1.2273,1]},
{"frame":78,"values":[1,0.0026,0.0012,0,-0.0027,0.9927,0.1206,0,-0.0008,-0.1206,0.9927,0,0,9.9235,-1.2273,1]},
{"frame":79,"values":[1,0.0027,0.0012,0,-0.0028,0.9928,0.1195,0,-0.0008,-0.1195,0.9928,0,0,9.9235,-1.2273,1]},
{"frame":80,"values":[1,0.0029,0.0012,0,-0.003,0.993,0.1184,0,-0.0008,-0.1184,0.993,0,0,9.9235,-1.2273,1]},
{"frame":81,"values":[1,0.0031,0.0012,0,-0.0032,0.9931,0.1173,0,-0.0008,-0.1173,0.9931,0,0,9.9235,-1.2273,1]},
{"frame":82,"values":[1,0.0032,0.0012,0,-0.0033,0.9932,0.1163,0,-0.0008,-0.1163,0.9932,0,0,9.9235,-1.2273,1]},
{"frame":83,"values":[1,0.0034,0.0012,0,-0.0035,0.9933,0.1153,0,-0.0008,-0.1153,0.9933,0,0,9.9235,-1.2273,1]},
{"frame":84,"values":[1,0.0035,0.0012,0,-0.0036,0.9934,0.1143,0,-0.0008,-0.1143,0.9934,0,0,9.9235,-1.2273,1]},
{"frame":85,"values":[1,0.0036,0.0012,0,-0.0038,0.9936,0.1133,0,-0.0007,-0.1133,0.9936,0,0,9.9235,-1.2273,1]},
{"frame":86,"values":[1,0.0038,0.0012,0,-0.0039,0.9937,0.1124,0,-0.0007,-0.1124,0.9937,0,0,9.9235,-1.2273,1]},
{"frame":87,"values":[1,0.0039,0.0011,0,-0.004,0.9938,0.1115,0,-0.0007,-0.1115,0.9938,0,0,9.9235,-1.2273,1]},
{"frame":88,"values":[1,0.004,0.0011,0,-0.0041,0.9938,0.1107,0,-0.0006,-0.1107,0.9939,0,0,9.9235,-1.2273,1]},
{"frame":89,"values":[1,0.0042,0.001,0,-0.0043,0.9939,0.11,0,-0.0006,-0.11,0.9939,0,0,9.9235,-1.2273,1]},
{"frame":90,"values":[1,0.0043,0.001,0,-0.0044,0.994,0.1093,0,-0.0005,-0.1093,0.994,0,0,9.9235,-1.2273,1]},
{"frame":91,"values":[1,0.0044,0.0009,0,-0.0045,0.9941,0.1087,0,-0.0004,-0.1087,0.9941,0,0,9.9235,-1.2273,1]},
{"frame":92,"values":[1,0.0045,0.0009,0,-0.0046,0.9941,0.1084,0,-0.0004,-0.1084,0.9941,0,0,9.9235,-1.2273,1]},
{"frame":93,"values":[1,0.0047,0.0009,0,-0.0047,0.9941,0.1082,0,-0.0004,-0.1082,0.9941,0,0,9.9235,-1.2273,1]},
{"frame":94,"values":[1,0.0048,0.0009,0,-0.0048,0.9941,0.1082,0,-0.0004,-0.1082,0.9941,0,0,9.9235,-1.2273,1]},
{"frame":95,"values":[1,0.0048,0.001,0,-0.0049,0.9941,0.1082,0,-0.0005,-0.1082,0.9941,0,0,9.9235,-1.2273,1]},
{"frame":96,"values":[1,0.0049,0.0011,0,-0.0049,0.9941,0.1084,0,-0.0006,-0.1084,0.9941,0,0,9.9235,-1.2273,1]},
{"frame":97,"values":[1,0.0049,0.0012,0,-0.005,0.9941,0.1085,0,-0.0007,-0.1085,0.9941,0,0,9.9235,-1.2273,1]},
{"frame":98,"values":[1,0.0049,0.0013,0,-0.005,0.9941,0.1086,0,-0.0007,-0.1087,0.9941,0,0,9.9235,-1.2273,1]},
{"frame":99,"values":[1,0.0048,0.0013,0,-0.0049,0.9941,0.1087,0,-0.0008,-0.1087,0.9941,0,0,9.9235,-1.2273,1]},
{"frame":100,"values":[1,0.0048,0.0014,0,-0.0049,0.9941,0.1088,0,-0.0009,-0.1088,0.9941,0,0,9.9235,-1.2273,1]},
{"frame":101,"values":[1,0.0047,0.0014,0,-0.0049,0.9941,0.1087,0,-0.0009,-0.1087,0.9941,0,0,9.9235,-1.2273,1]},
{"frame":102,"values":[1,0.0047,0.0014,0,-0.0048,0.9941,0.1087,0,-0.0009,-0.1087,0.9941,0,0,9.9235,-1.2273,1]},
{"frame":103,"values":[1,0.0047,0.0015,0,-0.0048,0.9941,0.1086,0,-0.0009,-0.1086,0.9941,0,0,9.9235,-1.2273,1]},
{"frame":104,"values":[1,0.0046,0.0015,0,-0.0047,0.9941,0.1086,0,-0.001,-0.1086,0.9941,0,0,9.9235,-1.2273,1]},
{"frame":105,"values":[1,0.0045,0.0015,0,-0.0047,0.9941,0.1086,0,-0.001,-0.1086,0.9941,0,0,9.9235,-1.2273,1]},
{"frame":106,"values":[1,0.0045,0.0015,0,-0.0046,0.9941,0.1087,0,-0.001,-0.1087,0.9941,0,0,9.9235,-1.2273,1]},
{"frame":107,"values":[1,0.0044,0.0015,0,-0.0046,0.994,0.1089,0,-0.001,-0.1089,0.994,0,0,9.9235,-1.2273,1]},
{"frame":108,"values":[1,0.0044,0.0015,0,-0.0045,0.994,0.1093,0,-0.001,-0.1093,0.994,0,0,9.9235,-1.2273,1]},
{"frame":109,"values":[1,0.0043,0.0015,0,-0.0044,0.994,0.1097,0,-0.001,-0.1097,0.994,0,0,9.9235,-1.2273,1]},
{"frame":110,"values":[1,0.0042,0.0014,0,-0.0044,0.9939,0.1103,0,-0.0009,-0.1103,0.9939,0,0,9.9235,-1.2273,1]},
{"frame":111,"values":[1,0.0041,0.0014,0,-0.0043,0.9938,0.1109,0,-0.0009,-0.1109,0.9938,0,0,9.9235,-1.2273,1]},
{"frame":112,"values":[1,0.004,0.0013,0,-0.0041,0.9937,0.1116,0,-0.0009,-0.1116,0.9938,0,0,9.9235,-1.2273,1]},
{"frame":113,"values":[1,0.0039,0.0013,0,-0.004,0.9937,0.1123,0,-0.0009,-0.1123,0.9937,0,0,9.9235,-1.2273,1]},
{"frame":114,"values":[1,0.0038,0.0013,0,-0.0039,0.9936,0.1131,0,-0.0009,-0.1131,0.9936,0,0,9.9235,-1.2273,1]},
{"frame":115,"values":[1,0.0036,0.0013,0,-0.0037,0.9935,0.114,0,-0.0009,-0.114,0.9935,0,0,9.9235,-1.2273,1]},
{"frame":116,"values":[1,0.0035,0.0012,0,-0.0036,0.9934,0.115,0,-0.0008,-0.115,0.9934,0,0,9.9235,-1.2273,1]},
{"frame":117,"values":[1,0.0033,0.0012,0,-0.0034,0.9932,0.1159,0,-0.0008,-0.1159,0.9933,0,0,9.9235,-1.2273,1]},
{"frame":118,"values":[1,0.0032,0.0011,0,-0.0033,0.9931,0.117,0,-0.0007,-0.117,0.9931,0,0,9.9235,-1.2273,1]},
{"frame":119,"values":[1,0.003,0.001,0,-0.0031,0.993,0.118,0,-0.0006,-0.118,0.993,0,0,9.9235,-1.2273,1]},
{"frame":120,"values":[1,0.0028,0.0009,0,-0.0029,0.9929,0.119,0,-0.0006,-0.119,0.9929,0,0,9.9235,-1.2273,1]},
{"frame":121,"values":[1,0.0027,0.0009,0,-0.0027,0.9928,0.1201,0,-0.0005,-0.1201,0.9928,0,0,9.9235,-1.2273,1]},
{"frame":122,"values":[1,0.0024,0.0008,0,-0.0025,0.9926,0.1212,0,-0.0005,-0.1212,0.9926,0,0,9.9235,-1.2273,1]},
{"frame":123,"values":[1,0.0022,0.0008,0,-0.0023,0.9925,0.1223,0,-0.0005,-0.1223,0.9925,0,0,9.9235,-1.2273,1]},
{"frame":124,"values":[1,0.002,0.0007,0,-0.002,0.9924,0.1234,0,-0.0005,-0.1234,0.9924,0,0,9.9235,-1.2273,1]},
{"frame":125,"values":[1,0.0017,0.0007,0,-0.0018,0.9922,0.1245,0,-0.0005,-0.1245,0.9922,0,0,9.9235,-1.2273,1]},
{"frame":126,"values":[1,0.0014,0.0006,0,-0.0015,0.9921,0.1256,0,-0.0004,-0.1256,0.9921,0,0,9.9235,-1.2273,1]},
{"frame":127,"values":[1,0.0011,0.0005,0,-0.0012,0.9919,0.1267,0,-0.0004,-0.1267,0.9919,0,0,9.9235,-1.2273,1]},
{"frame":128,"values":[1,0.0008,0.0005,0,-0.0009,0.9918,0.1278,0,-0.0003,-0.1278,0.9918,0,0,9.9235,-1.2273,1]},
{"frame":129,"values":[1,0.0005,0.0004,0,-0.0005,0.9917,0.1289,0,-0.0003,-0.1289,0.9917,0,0,9.9235,-1.2273,1]},
{"frame":130,"values":[1,0.0002,0.0004,0,-0.0002,0.9915,0.13,0,-0.0003,-0.13,0.9915,0,0,9.9235,-1.2273,1]},
{"frame":131,"values":[1,-0.0002,0.0003,0,0.0001,0.9914,0.131,0,-0.0003,-0.131,0.9914,0,0,9.9235,-1.2273,1]},
{"frame":132,"values":[1,-0.0005,0.0003,0,0.0005,0.9913,0.1319,0,-0.0004,-0.1319,0.9913,0,0,9.9235,-1.2273,1]},
{"frame":133,"values":[1,-0.0008,0.0003,0,0.0007,0.9911,0.1328,0,-0.0004,-0.1328,0.9911,0,0,9.9235,-1.2273,1]},
{"frame":134,"values":[1,-0.001,0.0004,0,0.001,0.991,0.1337,0,-0.0005,-0.1337,0.991,0,0,9.9235,-1.2273,1]},
{"frame":135,"values":[1,-0.0013,0.0005,0,0.0012,0.9909,0.1345,0,-0.0006,-0.1345,0.9909,0,0,9.9235,-1.2273,1]},
{"frame":136,"values":[1,-0.0015,0.0005,0,0.0014,0.9908,0.1353,0,-0.0007,-0.1353,0.9908,0,0,9.9235,-1.2273,1]},
{"frame":137,"values":[1,-0.0016,0.0005,0,0.0016,0.9907,0.136,0,-0.0008,-0.136,0.9907,0,0,9.9235,-1.2273,1]},
{"frame":138,"values":[1,-0.0018,0.0006,0,0.0017,0.9906,0.1367,0,-0.0008,-0.1367,0.9906,0,0,9.9235,-1.2273,1]},
{"frame":139,"values":[1,-0.002,0.0006,0,0.0019,0.9905,0.1373,0,-0.0008,-0.1373,0.9905,0,0,9.9235,-1.2273,1]},
{"frame":140,"values":[1,-0.0022,0.0006,0,0.0021,0.9905,0.1378,0,-0.0008,-0.1378,0.9905,0,0,9.9235,-1.2273,1]},
{"frame":141,"values":[1,-0.0023,0.0006,0,0.0022,0.9904,0.1383,0,-0.0009,-0.1383,0.9904,0,0,9.9235,-1.2273,1]},
{"frame":142,"values":[1,-0.0023,0.0006,0,0.0022,0.9903,0.1386,0,-0.0009,-0.1386,0.9903,0,0,9.9235,-1.2273,1]},
{"frame":143,"values":[1,-0.0024,0.0006,0,0.0023,0.9903,0.1388,0,-0.0009,-0.1388,0.9903,0,0,9.9235,-1.2273,1]},
{"frame":144,"values":[1,-0.0024,0.0006,0,0.0023,0.9903,0.139,0,-0.0009,-0.139,0.9903,0,0,9.9235,-1.2273,1]},
{"frame":151,"values":[1,0,0,0,0,1,0,0,0,0,1,0,0,9.9235,-1.2273,1]},
{"frame":152,"values":[1,0,0,0,0,1,0,0,0,0,1,0,0,9.9235,-1.2273,1]}],"loopBehavior":1,"name":"anim","property":"_matrix"}},
{"name":"mixamorig:Spine1","index":2,"matrix":[1,0,0,0,0,1,0,0,0,0,1,0,-0.0001,11.6454,-1.4223,1],"rest":[1,0,0,0,0,1,0,0,0,0,1,0,-0.0001,11.6454,-1.4223,1],"parentBoneIndex":1,"length":13.4588
,"animation":{"dataType":3,"framePerSecond":30,"keys":[
{"frame":1,"values":[0.9905,-0.0007,-0.1372,0,0.0071,0.9989,0.0462,0,0.1371,-0.0467,0.9895,0,-0.0001,11.6454,-1.4223,1]},
{"frame":2,"values":[0.9905,-0.0007,-0.1372,0,0.0071,0.9989,0.0463,0,0.137,-0.0468,0.9895,0,-0.0001,11.6454,-1.4223,1]},
{"frame":3,"values":[0.9906,-0.0008,-0.137,0,0.0072,0.9989,0.0465,0,0.1368,-0.047,0.9895,0,-0.0001,11.6454,-1.4223,1]},
{"frame":4,"values":[0.9906,-0.0008,-0.1368,0,0.0072,0.9989,0.0467,0,0.1366,-0.0472,0.9895,0,-0.0001,11.6454,-1.4223,1]},
{"frame":5,"values":[0.9906,-0.0008,-0.1366,0,0.0072,0.9989,0.0468,0,0.1364,-0.0473,0.9895,0,-0.0001,11.6454,-1.4223,1]},
{"frame":6,"values":[0.9906,-0.0008,-0.1366,0,0.0073,0.9989,0.047,0,0.1364,-0.0475,0.9895,0,-0.0001,11.6454,-1.4223,1]},
{"frame":7,"values":[0.9906,-0.0009,-0.1368,0,0.0074,0.9989,0.0472,0,0.1366,-0.0478,0.9895,0,-0.0001,11.6454,-1.4223,1]},
{"frame":8,"values":[0.9906,-0.0009,-0.1368,0,0.0075,0.9988,0.0474,0,0.1366,-0.048,0.9895,0,-0.0001,11.6454,-1.4223,1]},
{"frame":9,"values":[0.9906,-0.001,-0.1365,0,0.0075,0.9988,0.0475,0,0.1363,-0.0481,0.9895,0,-0.0001,11.6454,-1.4223,1]},
{"frame":10,"values":[0.9907,-0.0011,-0.1362,0,0.0077,0.9988,0.0475,0,0.1359,-0.0482,0.9895,0,-0.0001,11.6454,-1.4223,1]},
{"frame":11,"values":[0.9907,-0.0013,-0.1358,0,0.0079,0.9988,0.0476,0,0.1356,-0.0483,0.9896,0,-0.0001,11.6454,-1.4223,1]},
{"frame":12,"values":[0.9908,-0.0016,-0.1355,0,0.0081,0.9988,0.0476,0,0.1353,-0.0482,0.9896,0,-0.0001,11.6454,-1.4223,1]},
{"frame":13,"values":[0.9908,-0.0019,-0.1353,0,0.0084,0.9988,0.0474,0,0.135,-0.0481,0.9897,0,-0.0001,11.6455,-1.4223,1]},
{"frame":14,"values":[0.9908,-0.0022,-0.135,0,0.0087,0.9988,0.0473,0,0.1347,-0.048,0.9897,0,-0.0001,11.6454,-1.4223,1]},
{"frame":15,"values":[0.9909,-0.0024,-0.1348,0,0.0088,0.9988,0.0472,0,0.1346,-0.0479,0.9897,0,-0.0001,11.6454,-1.4223,1]},
{"frame":16,"values":[0.9908,-0.0024,-0.135,0,0.0088,0.9989,0.047,0,0.1347,-0.0477,0.9897,0,-0.0001,11.6454,-1.4223,1]},
{"frame":17,"values":[0.9908,-0.0024,-0.1352,0,0.0088,0.9989,0.0467,0,0.1349,-0.0475,0.9897,0,-0.0001,11.6454,-1.4223,1]},
{"frame":18,"values":[0.9908,-0.0024,-0.1353,0,0.0088,0.9989,0.0464,0,0.135,-0.0472,0.9897,0,-0.0001,11.6455,-1.4223,1]},
{"frame":19,"values":[0.9908,-0.0024,-0.1352,0,0.0087,0.9989,0.0461,0,0.135,-0.0469,0.9897,0,-0.0001,11.6455,-1.4223,1]},
{"frame":20,"values":[0.9908,-0.0024,-0.1354,0,0.0086,0.9989,0.0458,0,0.1351,-0.0466,0.9897,0,-0.0001,11.6454,-1.4223,1]},
{"frame":21,"values":[0.9908,-0.0022,-0.1357,0,0.0085,0.9989,0.0456,0,0.1354,-0.0463,0.9897,0,-0.0001,11.6454,-1.4223,1]},
{"frame":22,"values":[0.9907,-0.0021,-0.1361,0,0.0083,0.9989,0.0453,0,0.1359,-0.046,0.9897,0,-0.0001,11.6454,-1.4223,1]},
{"frame":23,"values":[0.9906,-0.0019,-0.1366,0,0.0082,0.9989,0.0452,0,0.1363,-0.0459,0.9896,0,-0.0001,11.6454,-1.4223,1]},
{"frame":24,"values":[0.9906,-0.0018,-0.1369,0,0.008,0.9989,0.0453,0,0.1367,-0.0459,0.9895,0,-0.0001,11.6454,-1.4223,1]},
{"frame":25,"values":[0.9906,-0.0015,-0.1371,0,0.0078,0.9989,0.0453,0,0.1368,-0.0459,0.9895,0,-0.0001,11.6454,-1.4223,1]},
{"frame":26,"values":[0.9906,-0.0013,-0.137,0,0.0076,0.999,0.0451,0,0.1368,-0.0457,0.9895,0,-0.0001,11.6454,-1.4223,1]},
{"frame":27,"values":[0.9906,-0.0013,-0.1368,0,0.0075,0.999,0.0449,0,0.1366,-0.0455,0.9896,0,-0.0001,11.6454,-1.4223,1]},
{"frame":28,"values":[0.9906,-0.0013,-0.1368,0,0.0075,0.999,0.0446,0,0.1366,-0.0452,0.9896,0,-0.0001,11.6454,-1.4223,1]},
{"frame":29,"values":[0.9906,-0.0012,-0.137,0,0.0074,0.999,0.0443,0,0.1368,-0.0449,0.9896,0,-0.0001,11.6455,-1.4223,1]},
{"frame":30,"values":[0.9905,-0.0011,-0.1372,0,0.0072,0.999,0.0441,0,0.137,-0.0447,0.9896,0,-0.0001,11.6454,-1.4223,1]},
{"frame":31,"values":[0.9905,-0.001,-0.1373,0,0.0071,0.999,0.0441,0,0.1371,-0.0446,0.9895,0,-0.0001,11.6454,-1.4223,1]},
{"frame":32,"values":[0.9905,-0.001,-0.1374,0,0.0071,0.999,0.044,0,0.1372,-0.0445,0.9895,0,-0.0001,11.6454,-1.4223,1]},
{"frame":33,"values":[0.9905,-0.001,-0.1374,0,0.0071,0.999,0.0439,0,0.1372,-0.0444,0.9895,0,-0.0001,11.6454,-1.4223,1]},
{"frame":34,"values":[0.9905,-0.0008,-0.1373,0,0.0069,0.999,0.0439,0,0.1372,-0.0444,0.9896,0,-0.0001,11.6454,-1.4223,1]},
{"frame":35,"values":[0.9905,-0.0006,-0.1372,0,0.0067,0.999,0.0439,0,0.1371,-0.0444,0.9896,0,-0.0001,11.6454,-1.4223,1]},
{"frame":36,"values":[0.9905,-0.0006,-0.1372,0,0.0067,0.999,0.044,0,0.1371,-0.0445,0.9896,0,-0.0001,11.6455,-1.4223,1]},
{"frame":37,"values":[0.9905,-0.0006,-0.1373,0,0.0067,0.999,0.0442,0,0.1371,-0.0447,0.9895,0,-0.0001,11.6454,-1.4223,1]},
{"frame":38,"values":[0.9905,-0.0005,-0.1372,0,0.0067,0.999,0.0446,0,0.1371,-0.0451,0.9895,0,-0.0001,11.6454,-1.4223,1]},
{"frame":39,"values":[0.9905,-0.0004,-0.1372,0,0.0067,0.999,0.0453,0,0.1371,-0.0457,0.9895,0,-0.0001,11.6454,-1.4223,1]},
{"frame":40,"values":[0.9905,-0.0006,-0.1373,0,0.0069,0.9989,0.0458,0,0.1371,-0.0463,0.9895,0,-0.0001,11.6454,-1.4223,1]},
{"frame":41,"values":[0.9905,-0.0007,-0.1372,0,0.0071,0.9989,0.0462,0,0.1371,-0.0467,0.9895,0,-0.0001,11.6454,-1.4223,1]},
{"frame":51,"values":[0.9999,-0.0131,-0.0016,0,0.013,0.9592,0.2826,0,-0.0021,-0.2826,0.9592,0,-0.0001,11.6454,-1.4223,1]},
{"frame":52,"values":[0.9999,-0.0131,-0.0016,0,0.013,0.9588,0.2838,0,-0.0021,-0.2838,0.9589,0,-0.0001,11.6454,-1.4223,1]},
{"frame":53,"values":[0.9999,-0.0131,-0.0017,0,0.013,0.9585,0.2848,0,-0.0021,-0.2848,0.9586,0,-0.0001,11.6454,-1.4223,1]},
{"frame":54,"values":[0.9999,-0.0131,-0.0017,0,0.013,0.9583,0.2856,0,-0.0021,-0.2856,0.9583,0,-0.0001,11.6454,-1.4223,1]},
{"frame":55,"values":[0.9999,-0.0131,-0.0017,0,0.013,0.9581,0.2863,0,-0.0021,-0.2863,0.9581,0,-0.0001,11.6454,-1.4223,1]},
{"frame":56,"values":[0.9999,-0.0131,-0.0017,0,0.013,0.9579,0.2868,0,-0.0021,-0.2868,0.958,0,-0.0001,11.6454,-1.4223,1]},
{"frame":57,"values":[0.9999,-0.013,-0.0017,0,0.0129,0.9578,0.2873,0,-0.0021,-0.2873,0.9578,0,-0.0001,11.6454,-1.4223,1]},
{"frame":58,"values":[0.9999,-0.013,-0.0017,0,0.0129,0.9576,0.2877,0,-0.0021,-0.2877,0.9577,0,-0.0001,11.6454,-1.4223,1]},
{"frame":59,"values":[0.9999,-0.0129,-0.0017,0,0.0128,0.9575,0.288,0,-0.0021,-0.288,0.9576,0,-0.0001,11.6454,-1.4223,1]},
{"frame":60,"values":[0.9999,-0.0128,-0.0017,0,0.0128,0.9574,0.2883,0,-0.0021,-0.2883,0.9575,0,-0.0001,11.6454,-1.4223,1]},
{"frame":61,"values":[0.9999,-0.0128,-0.0016,0,0.0127,0.9574,0.2886,0,-0.0021,-0.2886,0.9574,0,-0.0001,11.6454,-1.4223,1]},
{"frame":62,"values":[0.9999,-0.0127,-0.0016,0,0.0126,0.9573,0.2888,0,-0.0021,-0.2888,0.9574,0,-0.0001,11.6454,-1.4223,1]},
{"frame":63,"values":[0.9999,-0.0126,-0.0016,0,0.0126,0.9573,0.2889,0,-0.0021,-0.2889,0.9573,0,-0.0001,11.6454,-1.4223,1]},
{"frame":64,"values":[0.9999,-0.0125,-0.0016,0,0.0125,0.9572,0.289,0,-0.0021,-0.289,0.9573,0,-0.0001,11.6454,-1.4223,1]},
