{"producer":{"name":"Blender","version":"2.81 (sub 16)","exporter_version":"6.4.1","file":"topaimpunchidlelp1.babylon"},
"autoClear":true,"clearColor":[0.0509,0.0509,0.0509],"gravity":[0,-9.81,0],
"materials":[{"name":"Material.001","id":"Material.001","customType":"BABYLON.PBRMaterial","backFaceCulling":true,"checkReadyOnlyOnce":false,"maxSimultaneousLights":4,"environmentIntensity":1,"albedo":[0.8,0.8,0.8],"reflectivity":[0.5,0.5,0.5],"roughness":0.4,"alpha":1,"transparencyMode":0,"alphaCutOff":0.4,"metallic":0}],
"multiMaterials":[],
"skeletons":[{"name":"Armature","id":0,"dimensionsAtRest":[201.9792,93.4903,19.6772],"bones":[
{"name":"mixamorig:Hips","index":0,"matrix":[1,0,0,0,0,1,0,0,0,0,-1,0,0,99.7919,-0.0001,1],"rest":[1,0,0,0,0,1,0,0,0,0,-1,0,0,99.6721,-0.2471,1],"parentBoneIndex":-1,"length":10.8627
,"animation":{"dataType":3,"framePerSecond":30,"keys":[
{"frame":1,"values":[0.7301,0.002,-0.6833,0,0.0515,0.997,0.058,0,-0.6814,0.0776,-0.7278,0,0.2295,99.3628,0.7905,1]},
{"frame":2,"values":[0.7298,0.002,-0.6836,0,0.0518,0.997,0.0582,0,-0.6817,0.0779,-0.7275,0,0.2295,99.3628,0.7905,1]},
{"frame":3,"values":[0.7296,0.002,-0.6839,0,0.052,0.9969,0.0584,0,-0.6819,0.0782,-0.7273,0,0.2295,99.3628,0.7905,1]},
{"frame":4,"values":[0.7296,0.0019,-0.6839,0,0.0523,0.9969,0.0585,0,-0.6819,0.0785,-0.7273,0,0.2295,99.3628,0.7905,1]},
{"frame":5,"values":[0.7299,0.0016,-0.6836,0,0.0527,0.9969,0.0587,0,-0.6815,0.0789,-0.7275,0,0.2295,99.3628,0.7905,1]},
{"frame":6,"values":[0.7304,0.0015,-0.683,0,0.0531,0.9968,0.059,0,-0.681,0.0793,-0.728,0,0.2295,99.3628,0.7905,1]},
{"frame":7,"values":[0.731,0.0014,-0.6824,0,0.0535,0.9968,0.0594,0,-0.6803,0.08,-0.7285,0,0.2295,99.3628,0.7905,1]},
{"frame":8,"values":[0.7314,0.0015,-0.6819,0,0.0539,0.9967,0.06,0,-0.6798,0.0807,-0.729,0,0.2295,99.3628,0.7905,1]},
{"frame":9,"values":[0.7317,0.0015,-0.6816,0,0.0543,0.9967,0.0605,0,-0.6795,0.0812,-0.7292,0,0.2295,99.3628,0.7905,1]},
{"frame":10,"values":[0.7318,0.0016,-0.6815,0,0.0544,0.9967,0.0608,0,-0.6794,0.0816,-0.7292,0,0.2295,99.3628,0.7905,1]},
{"frame":11,"values":[0.7317,0.0016,-0.6817,0,0.0546,0.9966,0.061,0,-0.6795,0.0818,-0.7291,0,0.2295,99.3628,0.7905,1]},
{"frame":12,"values":[0.7314,0.0017,-0.6819,0,0.0548,0.9966,0.0612,0,-0.6797,0.0821,-0.7289,0,0.2295,99.3628,0.7905,1]},
{"frame":13,"values":[0.7313,0.0017,-0.682,0,0.0551,0.9966,0.0617,0,-0.6798,0.0827,-0.7287,0,0.2295,99.3628,0.7905,1]},
{"frame":14,"values":[0.7315,0.0019,-0.6818,0,0.0555,0.9965,0.0623,0,-0.6796,0.0835,-0.7288,0,0.2295,99.3628,0.7905,1]},
{"frame":15,"values":[0.732,0.0019,-0.6813,0,0.056,0.9964,0.063,0,-0.679,0.0843,-0.7293,0,0.2295,99.3628,0.7905,1]},
{"frame":16,"values":[0.7326,0.0019,-0.6806,0,0.0565,0.9964,0.0635,0,-0.6783,0.085,-0.7299,0,0.2295,99.3628,0.7905,1]},
{"frame":17,"values":[0.7329,0.0017,-0.6803,0,0.0568,0.9963,0.0637,0,-0.678,0.0854,-0.7301,0,0.2295,99.3628,0.7905,1]},
{"frame":18,"values":[0.7327,0.0015,-0.6806,0,0.0571,0.9963,0.0636,0,-0.6782,0.0855,-0.7299,0,0.2295,99.3628,0.7905,1]},
{"frame":19,"values":[0.7322,0.0013,-0.6811,0,0.0573,0.9963,0.0634,0,-0.6787,0.0854,-0.7294,0,0.2295,99.3628,0.7905,1]},
{"frame":20,"values":[0.7318,0.0011,-0.6816,0,0.0575,0.9963,0.0633,0,-0.6791,0.0855,-0.729,0,0.2295,99.3628,0.7905,1]},
{"frame":21,"values":[0.7316,0.001,-0.6817,0,0.0576,0.9963,0.0633,0,-0.6792,0.0856,-0.7289,0,0.2295,99.3628,0.7905,1]},
{"frame":22,"values":[0.7318,0.0011,-0.6815,0,0.0577,0.9963,0.0635,0,-0.6791,0.0858,-0.7291,0,0.2295,99.3628,0.7905,1]},
{"frame":23,"values":[0.7321,0.0011,-0.6812,0,0.0578,0.9963,0.0637,0,-0.6788,0.086,-0.7293,0,0.2295,99.3628,0.7905,1]},
{"frame":24,"values":[0.7323,0.0012,-0.6809,0,0.0578,0.9963,0.0639,0,-0.6785,0.0861,-0.7296,0,0.2295,99.3628,0.7905,1]},
{"frame":25,"values":[0.7325,0.0013,-0.6808,0,0.0577,0.9963,0.064,0,-0.6783,0.0861,-0.7297,0,0.2295,99.3628,0.7905,1]},
{"frame":26,"values":[0.7324,0.0014,-0.6808,0,0.0576,0.9963,0.064,0,-0.6784,0.0861,-0.7296,0,0.2295,99.3628,0.7905,1]},
{"frame":27,"values":[0.7322,0.0014,-0.6811,0,0.0575,0.9963,0.0639,0,-0.6786,0.0859,-0.7294,0,0.2295,99.3628,0.7905,1]},
{"frame":28,"values":[0.7319,0.0014,-0.6814,0,0.0573,0.9963,0.0637,0,-0.6789,0.0857,-0.7292,0,0.2295,99.3628,0.7905,1]},
{"frame":29,"values":[0.7317,0.0014,-0.6816,0,0.0572,0.9964,0.0634,0,-0.6792,0.0853,-0.729,0,0.2295,99.3628,0.7905,1]},
{"frame":30,"values":[0.7316,0.0012,-0.6817,0,0.0571,0.9964,0.0631,0,-0.6793,0.0851,-0.7289,0,0.2295,99.3628,0.7905,1]},
{"frame":31,"values":[0.7315,0.0012,-0.6818,0,0.057,0.9964,0.0628,0,-0.6794,0.0848,-0.7288,0,0.2295,99.3628,0.7905,1]},
{"frame":32,"values":[0.7315,0.0011,-0.6818,0,0.0569,0.9964,0.0627,0,-0.6794,0.0847,-0.7288,0,0.2295,99.3628,0.7905,1]},
{"frame":33,"values":[0.7317,0.0011,-0.6816,0,0.057,0.9964,0.0628,0,-0.6793,0.0848,-0.729,0,0.2295,99.3628,0.7905,1]},
{"frame":34,"values":[0.732,0.001,-0.6813,0,0.057,0.9964,0.0628,0,-0.6789,0.0848,-0.7293,0,0.2295,99.3628,0.7905,1]},
{"frame":35,"values":[0.7323,0.0009,-0.681,0,0.0571,0.9964,0.0628,0,-0.6786,0.0849,-0.7296,0,0.2295,99.3628,0.7905,1]},
{"frame":36,"values":[0.7324,0.0009,-0.6809,0,0.057,0.9964,0.0626,0,-0.6785,0.0846,-0.7297,0,0.2295,99.3628,0.7905,1]},
{"frame":37,"values":[0.7322,0.0009,-0.6811,0,0.0567,0.9965,0.0622,0,-0.6788,0.0841,-0.7295,0,0.2295,99.3628,0.7905,1]},
{"frame":38,"values":[0.7318,0.0009,-0.6815,0,0.0563,0.9965,0.0618,0,-0.6792,0.0837,-0.7292,0,0.2295,99.3628,0.7905,1]},
{"frame":39,"values":[0.7315,0.001,-0.6818,0,0.0561,0.9965,0.0616,0,-0.6795,0.0833,-0.7289,0,0.2295,99.3628,0.7905,1]},
{"frame":40,"values":[0.7315,0.001,-0.6818,0,0.056,0.9965,0.0616,0,-0.6795,0.0832,-0.7289,0,0.2295,99.3628,0.7905,1]},
{"frame":41,"values":[0.7318,0.0011,-0.6816,0,0.0559,0.9965,0.0616,0,-0.6793,0.0831,-0.7292,0,0.2295,99.3628,0.7905,1]},
{"frame":42,"values":[0.732,0.0012,-0.6813,0,0.0557,0.9965,0.0616,0,-0.6791,0.083,-0.7294,0,0.2295,99.3628,0.7905,1]},
{"frame":43,"values":[0.7319,0.0013,-0.6814,0,0.0554,0.9966,0.0615,0,-0.6792,0.0828,-0.7293,0,0.2295,99.3628,0.7905,1]},
{"frame":44,"values":[0.7315,0.0015,-0.6818,0,0.0551,0.9966,0.0613,0,-0.6796,0.0824,-0.729,0,0.2295,99.3628,0.7905,1]},
{"frame":45,"values":[0.731,0.0016,-0.6824,0,0.0548,0.9966,0.061,0,-0.6802,0.082,-0.7285,0,0.2295,99.3628,0.7905,1]},
{"frame":46,"values":[0.7306,0.0017,-0.6828,0,0.0545,0.9967,0.0608,0,-0.6806,0.0817,-0.7281,0,0.2295,99.3628,0.7905,1]},
{"frame":47,"values":[0.7304,0.0017,-0.683,0,0.0543,0.9967,0.0606,0,-0.6809,0.0814,-0.7279,0,0.2295,99.3628,0.7905,1]},
{"frame":48,"values":[0.7304,0.0017,-0.683,0,0.0541,0.9967,0.0603,0,-0.6809,0.081,-0.7279,0,0.2295,99.3628,0.7905,1]},
{"frame":49,"values":[0.7305,0.0017,-0.6829,0,0.0539,0.9967,0.0601,0,-0.6807,0.0807,-0.7281,0,0.2295,99.3628,0.7905,1]},
{"frame":50,"values":[0.7307,0.0017,-0.6826,0,0.0536,0.9968,0.0599,0,-0.6805,0.0803,-0.7283,0,0.2295,99.3628,0.7905,1]},
{"frame":51,"values":[0.7309,0.0018,-0.6825,0,0.0532,0.9968,0.0597,0,-0.6804,0.08,-0.7284,0,0.2295,99.3628,0.7905,1]},
{"frame":52,"values":[0.7309,0.002,-0.6825,0,0.0529,0.9968,0.0595,0,-0.6805,0.0796,-0.7284,0,0.2295,99.3628,0.7905,1]},
{"frame":53,"values":[0.7306,0.002,-0.6828,0,0.0526,0.9969,0.0593,0,-0.6807,0.0793,-0.7282,0,0.2295,99.3628,0.7905,1]},
{"frame":54,"values":[0.7303,0.002,-0.6831,0,0.0525,0.9969,0.0591,0,-0.6811,0.0791,-0.7279,0,0.2295,99.3628,0.7905,1]},
{"frame":55,"values":[0.73,0.002,-0.6834,0,0.0524,0.9969,0.059,0,-0.6814,0.0789,-0.7277,0,0.2295,99.3628,0.7905,1]},
{"frame":56,"values":[0.7299,0.002,-0.6836,0,0.0523,0.9969,0.0588,0,-0.6816,0.0787,-0.7275,0,0.2295,99.3628,0.7905,1]},
{"frame":57,"values":[0.7299,0.002,-0.6836,0,0.0521,0.9969,0.0586,0,-0.6816,0.0784,-0.7275,0,0.2295,99.3628,0.7905,1]},
{"frame":58,"values":[0.73,0.002,-0.6834,0,0.0519,0.9969,0.0584,0,-0.6815,0.0781,-0.7277,0,0.2295,99.3628,0.7905,1]},
{"frame":59,"values":[0.7301,0.002,-0.6833,0,0.0516,0.997,0.0581,0,-0.6814,0.0777,-0.7278,0,0.2295,99.3628,0.7905,1]},
{"frame":60,"values":[0.7301,0.002,-0.6833,0,0.0515,0.997,0.058,0,-0.6814,0.0775,-0.7278,0,0.2295,99.3628,0.7905,1]},
{"frame":71,"values":[0.5856,-0.1089,-0.8032,0,0.0425,0.9937,-0.1037,0,-0.8095,-0.0266,-0.5865,0,0.0511,99.5524,-0.7357,1]},
{"frame":72,"values":[0.5853,-0.1094,-0.8034,0,0.043,0.9937,-0.104,0,-0.8097,-0.0263,-0.5862,0,0.0511,99.5524,-0.7357,1]},
{"frame":73,"values":[0.5853,-0.1096,-0.8034,0,0.0433,0.9936,-0.104,0,-0.8097,-0.0261,-0.5863,0,0.0511,99.5524,-0.7357,1]},
{"frame":74,"values":[0.5856,-0.1098,-0.8031,0,0.0436,0.9936,-0.104,0,-0.8094,-0.0259,-0.5867,0,0.0511,99.5524,-0.7357,1]},
{"frame":75,"values":[0.5858,-0.11,-0.803,0,0.0437,0.9936,-0.1042,0,-0.8093,-0.0259,-0.5869,0,0.0511,99.5524,-0.7357,1]},
{"frame":76,"values":[0.5855,-0.1099,-0.8032,0,0.0437,0.9936,-0.1042,0,-0.8095,-0.0259,-0.5865,0,0.0511,99.5524,-0.7357,1]},
{"frame":77,"values":[0.5848,-0.1098,-0.8037,0,0.0436,0.9936,-0.104,0,-0.81,-0.0258,-0.5858,0,0.0511,99.5524,-0.7357,1]},
{"frame":78,"values":[0.5842,-0.1099,-0.8041,0,0.0438,0.9936,-0.104,0,-0.8104,-0.0255,-0.5853,0,0.0511,99.5524,-0.7357,1]},
{"frame":79,"values":[0.5839,-0.11,-0.8043,0,0.0441,0.9936,-0.1039,0,-0.8106,-0.0252,-0.585,0,0.0511,99.5524,-0.7357,1]},
{"frame":80,"values":[0.5835,-0.1103,-0.8046,0,0.0446,0.9936,-0.1039,0,-0.8109,-0.0248,-0.5847,0,0.0511,99.5524,-0.7357,1]},
{"frame":81,"values":[0.5832,-0.1107,-0.8048,0,0.0451,0.9936,-0.1041,0,-0.8111,-0.0244,-0.5844,0,0.0511,99.5524,-0.7357,1]},
{"frame":82,"values":[0.5832,-0.1113,-0.8047,0,0.0453,0.9935,-0.1045,0,-0.8111,-0.0244,-0.5844,0,0.0511,99.5524,-0.7357,1]},
{"frame":83,"values":[0.5833,-0.1117,-0.8045,0,0.0454,0.9934,-0.105,0,-0.811,-0.0247,-0.5846,0,0.0511,99.5524,-0.7357,1]},
{"frame":84,"values":[0.5833,-0.1121,-0.8045,0,0.0456,0.9934,-0.1053,0,-0.811,-0.0248,-0.5845,0,0.0511,99.5524,-0.7357,1]},
{"frame":85,"values":[0.583,-0.1127,-0.8047,0,0.0459,0.9933,-0.1058,0,-0.8112,-0.0247,-0.5842,0,0.0511,99.5524,-0.7357,1]},
{"frame":86,"values":[0.5825,-0.1134,-0.8048,0,0.0464,0.9932,-0.1064,0,-0.8115,-0.0247,-0.5839,0,0.0511,99.5524,-0.7357,1]},
{"frame":87,"values":[0.5822,-0.1142,-0.805,0,0.0467,0.9931,-0.1071,0,-0.8117,-0.0248,-0.5836,0,0.0511,99.5524,-0.7357,1]},
{"frame":88,"values":[0.5822,-0.1147,-0.8049,0,0.0468,0.9931,-0.1077,0,-0.8117,-0.025,-0.5835,0,0.0511,99.5524,-0.7357,1]},
{"frame":89,"values":[0.5824,-0.115,-0.8047,0,0.0468,0.993,-0.108,0,-0.8115,-0.0253,-0.5838,0,0.0511,99.5524,-0.7357,1]},
{"frame":90,"values":[0.583,-0.1151,-0.8042,0,0.0468,0.993,-0.1082,0,-0.8111,-0.0254,-0.5844,0,0.0511,99.5524,-0.7357,1]},
{"frame":91,"values":[0.5837,-0.1149,-0.8038,0,0.0466,0.993,-0.1081,0,-0.8106,-0.0256,-0.585,0,0.0511,99.5524,-0.7357,1]},
{"frame":92,"values":[0.5842,-0.1144,-0.8035,0,0.0463,0.9931,-0.1077,0,-0.8103,-0.0257,-0.5855,0,0.0511,99.5524,-0.7357,1]},
{"frame":93,"values":[0.5847,-0.1137,-0.8033,0,0.0461,0.9932,-0.1071,0,-0.81,-0.0256,-0.5859,0,0.0511,99.5524,-0.7357,1]},
{"frame":94,"values":[0.5854,-0.1131,-0.8028,0,0.0461,0.9933,-0.1063,0,-0.8094,-0.0252,-0.5867,0,0.0511,99.5524,-0.7357,1]},
{"frame":95,"values":[0.5864,-0.1125,-0.8022,0,0.0462,0.9933,-0.1056,0,-0.8087,-0.0248,-0.5877,0,0.0511,99.5524,-0.7357,1]},
{"frame":96,"values":[0.5874,-0.112,-0.8015,0,0.0462,0.9934,-0.105,0,-0.808,-0.0247,-0.5887,0,0.0511,99.5524,-0.7357,1]},
{"frame":97,"values":[0.5883,-0.1115,-0.8009,0,0.046,0.9935,-0.1045,0,-0.8073,-0.0246,-0.5896,0,0.0511,99.5524,-0.7357,1]},
{"frame":98,"values":[0.5889,-0.1108,-0.8006,0,0.0458,0.9935,-0.1039,0,-0.8069,-0.0245,-0.5902,0,0.0511,99.5524,-0.7357,1]},
{"frame":99,"values":[0.5891,-0.1102,-0.8005,0,0.0454,0.9936,-0.1034,0,-0.8068,-0.0245,-0.5903,0,0.0511,99.5524,-0.7357,1]},
{"frame":100,"values":[0.5888,-0.1098,-0.8008,0,0.0451,0.9937,-0.1031,0,-0.807,-0.0245,-0.59,0,0.0511,99.5524,-0.7357,1]},
{"frame":101,"values":[0.5884,-0.1093,-0.8012,0,0.0448,0.9937,-0.1027,0,-0.8073,-0.0245,-0.5896,0,0.0511,99.5524,-0.7357,1]},
{"frame":102,"values":[0.588,-0.1086,-0.8016,0,0.0441,0.9938,-0.1022,0,-0.8077,-0.0247,-0.5891,0,0.0511,99.5524,-0.7357,1]},
{"frame":103,"values":[0.5877,-0.1081,-0.8018,0,0.0435,0.9938,-0.1021,0,-0.8079,-0.0251,-0.5888,0,0.0511,99.5524,-0.7357,1]},
{"frame":104,"values":[0.5877,-0.108,-0.8018,0,0.0431,0.9938,-0.1023,0,-0.8079,-0.0256,-0.5887,0,0.0511,99.5524,-0.7357,1]},
{"frame":105,"values":[0.5876,-0.1081,-0.8019,0,0.0426,0.9938,-0.1027,0,-0.808,-0.0261,-0.5885,0,0.0511,99.5524,-0.7357,1]},
{"frame":106,"values":[0.5872,-0.1079,-0.8022,0,0.042,0.9938,-0.1029,0,-0.8084,-0.0267,-0.5881,0,0.0511,99.5524,-0.7357,1]},
{"frame":107,"values":[0.5868,-0.108,-0.8025,0,0.0417,0.9938,-0.1033,0,-0.8087,-0.0272,-0.5877,0,0.0511,99.5524,-0.7357,1]},
{"frame":108,"values":[0.5866,-0.1084,-0.8026,0,0.0418,0.9937,-0.1036,0,-0.8088,-0.0273,-0.5874,0,0.0511,99.5524,-0.7357,1]},
{"frame":109,"values":[0.5864,-0.1085,-0.8027,0,0.0421,0.9937,-0.1036,0,-0.8089,-0.0269,-0.5873,0,0.0511,99.5524,-0.7357,1]},
{"frame":110,"values":[0.5861,-0.1086,-0.803,0,0.0424,0.9937,-0.1034,0,-0.8092,-0.0266,-0.587,0,0.0511,99.5524,-0.7357,1]},
{"frame":111,"values":[0.5856,-0.1089,-0.8032,0,0.0425,0.9937,-0.1037,0,-0.8095,-0.0266,-0.5865,0,0.0511,99.5524,-0.7357,1]},
{"frame":121,"values":[0.7399,0.0626,0.6698,0,0.0666,0.984,-0.1655,0,0.6694,-0.167,-0.7239,0,-0.3114,100.0996,0.7226,1]},
{"frame":122,"values":[0.73,0.0557,0.6812,0,0.0709,0.9851,-0.1565,0,0.6798,-0.1625,-0.7152,0,-0.3114,100.0996,0.7226,1]},
{"frame":123,"values":[0.7046,0.0489,0.7079,0,0.0766,0.9865,-0.1445,0,0.7054,-0.1561,-0.6914,0,-0.3114,100.0996,0.7226,1]},
{"frame":124,"values":[0.6566,0.0425,0.753,0,0.0822,0.9884,-0.1275,0,0.7497,-0.1456,-0.6455,0,-0.3114,100.0996,0.7226,1]},
{"frame":125,"values":[0.5808,0.0371,0.8132,0,0.0886,0.9901,-0.1084,0,0.8092,-0.135,-0.5718,0,-0.3114,100.0996,0.7226,1]},
{"frame":126,"values":[0.4768,0.0347,0.8783,0,0.0964,0.9911,-0.0914,0,0.8737,-0.1282,-0.4693,0,-0.3114,100.0996,0.7226,1]},
{"frame":127,"values":[0.3498,0.0357,0.9361,0,0.1035,0.9917,-0.0766,0,0.9311,-0.1237,-0.3432,0,-0.3114,100.0996,0.7226,1]},
{"frame":128,"values":[0.2108,0.0402,0.9767,0,0.1102,0.9918,-0.0646,0,0.9713,-0.1212,-0.2046,0,-0.3114,100.0996,0.7226,1]},
{"frame":129,"values":[0.0688,0.0474,0.9965,0,0.116,0.9917,-0.0552,0,0.9909,-0.1194,-0.0628,0,-0.3114,100.0996,0.7226,1]},
{"frame":130,"values":[-0.075,0.0561,0.9956,0,0.1203,0.9916,-0.0468,0,0.9899,-0.1162,0.0811,0,-0.3114,100.0996,0.7226,1]},
{"frame":131,"values":[-0.2122,0.0656,0.975,0,0.1235,0.9915,-0.0398,0,0.9694,-0.112,0.2186,0,-0.3114,100.0996,0.7226,1]},
{"frame":132,"values":[-0.3229,0.0737,0.9436,0,0.1228,0.9918,-0.0354,0,0.9384,-0.1045,0.3293,0,-0.3114,100.0996,0.7226,1]},
{"frame":133,"values":[-0.3917,0.0767,0.9169,0,0.1155,0.9927,-0.0337,0,0.9128,-0.0927,0.3977,0,-0.3114,100.0996,0.7226,1]},
{"frame":134,"values":[-0.4093,0.0743,0.9094,0,0.1015,0.9942,-0.0355,0,0.9067,-0.0778,0.4145,0,-0.3114,100.0996,0.7226,1]},
{"frame":135,"values":[-0.3607,0.0666,0.9303,0,0.0816,0.9959,-0.0396,0,0.9291,-0.0616,0.3646,0,-0.3114,100.0996,0.7226,1]},
{"frame":136,"values":[-0.2338,0.061,0.9704,0,0.0608,0.997,-0.048,0,0.9704,-0.0478,0.2368,0,-0.3114,100.0996,0.7226,1]},
{"frame":137,"values":[-0.038,0.0763,0.9964,0,0.0481,0.9961,-0.0744,0,0.9981,-0.0451,0.0415,0,-0.3114,100.0996,0.7226,1]},
{"frame":138,"values":[0.2065,0.1115,0.9721,0,0.0423,0.9915,-0.1227,0,0.9775,-0.0665,-0.2,0,-0.3114,100.0996,0.7226,1]},
{"frame":139,"values":[0.4967,0.1414,0.8564,0,0.0362,0.9824,-0.1832,0,0.8672,-0.122,-0.4828,0,-0.3114,100.0996,0.7226,1]},
{"frame":140,"values":[0.7801,0.127,0.6126,0,0.0369,0.9681,-0.2477,0,0.6246,-0.2158,-0.7506,0,-0.3114,100.0996,0.7226,1]},
{"frame":141,"values":[0.9517,0.055,0.3021,0,0.0462,0.9471,-0.3177,0,0.3036,-0.3163,-0.8988,0,-0.3114,100.0996,0.7226,1]},
{"frame":142,"values":[0.9927,-0.005,0.1201,0,0.0486,0.9305,-0.3631,0,0.11,-0.3663,-0.924,0,-0.3114,100.0996,0.7226,1]},
{"frame":143,"values":[0.9958,-0.0209,0.0894,0,0.0526,0.9281,-0.3685,0,0.0753,-0.3717,-0.9253,0,-0.3114,100.0996,0.7226,1]},
{"frame":144,"values":[0.999,-0.0404,0.0182,0,0.0442,0.9278,-0.3705,0,0.0019,-0.371,-0.9287,0,-0.3114,100.0996,0.7226,1]},
{"frame":145,"values":[0.9926,-0.0483,-0.1117,0,0.0031,0.9276,-0.3736,0,-0.1217,-0.3704,-0.9209,0,-0.3114,100.0996,0.7226,1]},
{"frame":146,"values":[0.9793,-0.0325,-0.1996,0,-0.0426,0.9316,-0.3609,0,-0.1977,-0.3619,-0.911,0,-0.3114,100.0996,0.7226,1]},
{"frame":147,"values":[0.9758,-0.0153,-0.2181,0,-0.0631,0.9353,-0.3481,0,-0.2093,-0.3534,-0.9117,0,-0.3114,100.0996,0.7226,1]},
{"frame":148,"values":[0.981,0.0008,-0.1941,0,-0.0689,0.9364,-0.3441,0,-0.1815,-0.3509,-0.9186,0,-0.3114,100.0996,0.7226,1]},
{"frame":149,"values":[0.988,0.0201,-0.1531,0,-0.0725,0.9358,-0.345,0,-0.1363,-0.3519,-0.9261,0,-0.3114,100.0996,0.7226,1]},
{"frame":150,"values":[0.9946,0.0435,-0.094,0,-0.0738,0.9342,-0.3491,0,-0.0726,-0.3542,-0.9324,0,-0.3114,100.0996,0.7226,1]},
{"frame":151,"values":[0.9973,0.0732,-0.0085,0,-0.0715,0.9327,-0.3536,0,0.018,-0.3532,-0.9354,0,-0.3114,100.0996,0.7226,1]},
{"frame":152,"values":[0.99,0.1059,0.0934,0,-0.066,0.9319,-0.3567,0,0.1248,-0.3469,-0.9296,0,-0.3114,100.0996,0.7226,1]},
{"frame":153,"values":[0.9708,0.1351,0.1982,0,-0.0564,0.9317,-0.3588,0,0.2331,-0.3372,-0.9121,0,-0.3114,100.0996,0.7226,1]},
{"frame":154,"values":[0.941,0.155,0.3008,0,-0.0396,0.9333,-0.357,0,0.336,-0.324,-0.8844,0,-0.3114,100.0996,0.7226,1]},
{"frame":155,"values":[0.9034,0.1632,0.3966,0,-0.0169,0.9376,-0.3472,0,0.4285,-0.307,-0.8498,0,-0.3114,100.0996,0.7226,1]},
{"frame":156,"values":[0.8581,0.1645,0.4864,0,0.0064,0.9438,-0.3304,0,0.5135,-0.2866,-0.8088,0,-0.3114,100.0996,0.7226,1]},
{"frame":157,"values":[0.8044,0.1633,0.5712,0,0.0273,0.9503,-0.31,0,0.5935,-0.2649,-0.76,0,-0.3114,100.0996,0.7226,1]},
{"frame":158,"values":[0.7475,0.1602,0.6447,0,0.0451,0.956,-0.2898,0,0.6628,-0.2456,-0.7074,0,-0.3114,100.0996,0.7226,1]},
{"frame":159,"values":[0.6986,0.1554,0.6985,0,0.0581,0.9606,-0.2718,0,0.7132,-0.2305,-0.662,0,-0.3114,100.0996,0.7226,1]},
{"frame":160,"values":[0.6667,0.1469,0.7307,0,0.0672,0.9645,-0.2552,0,0.7423,-0.2193,-0.6332,0,-0.3114,100.0996,0.7226,1]},
{"frame":161,"values":[0.6487,0.1363,0.7488,0,0.0733,0.9681,-0.2397,0,0.7575,-0.2103,-0.618,0,-0.3114,100.0996,0.7226,1]},
{"frame":162,"values":[0.6418,0.1279,0.7561,0,0.0738,0.9711,-0.2269,0,0.7633,-0.2014,-0.6138,0,-0.3114,100.0996,0.7226,1]},
{"frame":163,"values":[0.648,0.1214,0.7519,0,0.069,0.9738,-0.2166,0,0.7585,-0.1922,-0.6226,0,-0.3114,100.0996,0.7226,1]},
{"frame":164,"values":[0.6645,0.1136,0.7386,0,0.0632,0.9763,-0.2071,0,0.7446,-0.1843,-0.6416,0,-0.3114,100.0996,0.7226,1]},
{"frame":165,"values":[0.6862,0.1044,0.7199,0,0.0589,0.9784,-0.198,0,0.7251,-0.1782,-0.6652,0,-0.3114,100.0996,0.7226,1]},
{"frame":166,"values":[0.7102,0.0935,0.6978,0,0.0563,0.9804,-0.1888,0,0.7018,-0.1734,-0.691,0,-0.3114,100.0996,0.7226,1]},
{"frame":167,"values":[0.7314,0.0793,0.6774,0,0.0588,0.9822,-0.1785,0,0.6795,-0.1704,-0.7137,0,-0.3114,100.0996,0.7226,1]},
{"frame":168,"values":[0.7399,0.0626,0.6698,0,0.0666,0.984,-0.1655,0,0.6694,-0.167,-0.7239,0,-0.3114,100.0996,0.7226,1]},
{"frame":181,"values":[0.7399,-0.0625,-0.6698,0,-0.0666,0.984,-0.1654,0,-0.6694,-0.167,-0.7239,0,0.311,100.1001,0.7238,1]},
{"frame":182,"values":[0.73,-0.0556,-0.6812,0,-0.0709,0.9851,-0.1565,0,-0.6797,-0.1625,-0.7152,0,0.311,100.1001,0.7238,1]},
{"frame":183,"values":[0.7046,-0.0489,-0.7079,0,-0.0767,0.9865,-0.1445,0,-0.7054,-0.1561,-0.6914,0,0.311,100.1001,0.7238,1]},
{"frame":184,"values":[0.6566,-0.0424,-0.753,0,-0.0823,0.9884,-0.1275,0,-0.7497,-0.1456,-0.6456,0,0.311,100.1001,0.7238,1]},
{"frame":185,"values":[0.5808,-0.037,-0.8132,0,-0.0886,0.9901,-0.1084,0,-0.8092,-0.135,-0.5718,0,0.311,100.1001,0.7238,1]},
{"frame":186,"values":[0.4768,-0.0346,-0.8783,0,-0.0964,0.9911,-0.0914,0,-0.8737,-0.1282,-0.4693,0,0.311,100.1001,0.7238,1]},
{"frame":187,"values":[0.3498,-0.0357,-0.9361,0,-0.1035,0.9917,-0.0765,0,-0.9311,-0.1237,-0.3432,0,0.311,100.1001,0.7238,1]},
{"frame":188,"values":[0.2108,-0.0401,-0.9767,0,-0.1102,0.9918,-0.0645,0,-0.9713,-0.1212,-0.2046,0,0.311,100.1001,0.7238,1]},
{"frame":189,"values":[0.0688,-0.0473,-0.9965,0,-0.116,0.9917,-0.0551,0,-0.9909,-0.1194,-0.0628,0,0.311,100.1001,0.7238,1]},
{"frame":190,"values":[-0.075,-0.0561,-0.9956,0,-0.1203,0.9916,-0.0468,0,-0.9899,-0.1162,0.0811,0,0.311,100.1001,0.7238,1]},
{"frame":191,"values":[-0.2122,-0.0655,-0.975,0,-0.1235,0.9916,-0.0397,0,-0.9694,-0.112,0.2185,0,0.311,100.1001,0.7238,1]},
{"frame":192,"values":[-0.3229,-0.0736,-0.9436,0,-0.1228,0.9918,-0.0353,0,-0.9384,-0.1045,0.3293,0,0.311,100.1001,0.7238,1]},
{"frame":193,"values":[-0.3917,-0.0766,-0.9169,0,-0.1155,0.9927,-0.0336,0,-0.9128,-0.0927,0.3977,0,0.311,100.1001,0.7238,1]},
{"frame":194,"values":[-0.4093,-0.0742,-0.9094,0,-0.1015,0.9942,-0.0355,0,-0.9067,-0.0778,0.4145,0,0.311,100.1001,0.7238,1]},
{"frame":195,"values":[-0.3607,-0.0665,-0.9303,0,-0.0816,0.9959,-0.0395,0,-0.9291,-0.0616,0.3646,0,0.311,100.1001,0.7238,1]},
{"frame":196,"values":[-0.2338,-0.0609,-0.9704,0,-0.0608,0.997,-0.0479,0,-0.9704,-0.0478,0.2368,0,0.311,100.1001,0.7238,1]},
{"frame":197,"values":[-0.038,-0.0762,-0.9964,0,-0.0481,0.9961,-0.0743,0,-0.9981,-0.0451,0.0415,0,0.311,100.1001,0.7238,1]},
{"frame":198,"values":[0.2065,-0.1114,-0.9721,0,-0.0423,0.9916,-0.1226,0,-0.9775,-0.0665,-0.2,0,0.311,100.1001,0.7238,1]},
{"frame":199,"values":[0.4967,-0.1413,-0.8564,0,-0.0362,0.9824,-0.1831,0,-0.8672,-0.122,-0.4828,0,0.311,100.1001,0.7238,1]},
{"frame":200,"values":[0.7801,-0.1269,-0.6126,0,-0.037,0.9681,-0.2476,0,-0.6246,-0.2158,-0.7506,0,0.311,100.1001,0.7238,1]},
{"frame":201,"values":[0.9517,-0.0549,-0.3021,0,-0.0462,0.9471,-0.3177,0,-0.3036,-0.3163,-0.8988,0,0.311,100.1001,0.7238,1]},
{"frame":202,"values":[0.9927,0.005,-0.1201,0,-0.0487,0.9305,-0.3631,0,-0.11,-0.3663,-0.924,0,0.311,100.1001,0.7238,1]},
{"frame":203,"values":[0.9958,0.021,-0.0894,0,-0.0526,0.9281,-0.3685,0,-0.0753,-0.3717,-0.9253,0,0.311,100.1001,0.7238,1]},
{"frame":204,"values":[0.999,0.0404,-0.0182,0,-0.0443,0.9278,-0.3705,0,-0.0019,-0.371,-0.9287,0,0.311,100.1001,0.7238,1]},
{"frame":205,"values":[0.9926,0.0484,0.1117,0,-0.0031,0.9276,-0.3736,0,0.1217,-0.3704,-0.9209,0,0.311,100.1001,0.7238,1]},
{"frame":206,"values":[0.9793,0.0326,0.1996,0,0.0426,0.9316,-0.3609,0,0.1977,-0.3619,-0.911,0,0.311,100.1001,0.7238,1]},
{"frame":207,"values":[0.9758,0.0153,0.2181,0,0.0631,0.9353,-0.3481,0,0.2093,-0.3534,-0.9117,0,0.311,100.1001,0.7238,1]},
{"frame":208,"values":[0.981,-0.0008,0.1941,0,0.0688,0.9364,-0.3441,0,0.1815,-0.3509,-0.9186,0,0.311,100.1001,0.7238,1]},
{"frame":209,"values":[0.988,-0.0201,0.153,0,0.0725,0.9358,-0.345,0,0.1363,-0.3519,-0.9261,0,0.311,100.1001,0.7238,1]},
{"frame":210,"values":[0.9946,-0.0434,0.094,0,0.0738,0.9342,-0.3491,0,0.0726,-0.3542,-0.9323,0,0.311,100.1001,0.7238,1]},
{"frame":211,"values":[0.9973,-0.0732,0.0085,0,0.0715,0.9327,-0.3536,0,-0.018,-0.3532,-0.9354,0,0.311,100.1001,0.7238,1]},
{"frame":212,"values":[0.99,-0.1059,-0.0934,0,0.066,0.9319,-0.3567,0,-0.1248,-0.3469,-0.9296,0,0.311,100.1001,0.7238,1]},
{"frame":213,"values":[0.9708,-0.1351,-0.1982,0,0.0564,0.9317,-0.3588,0,-0.2331,-0.3372,-0.9121,0,0.311,100.1001,0.7238,1]},
{"frame":214,"values":[0.941,-0.1549,-0.3008,0,0.0396,0.9333,-0.3569,0,-0.336,-0.324,-0.8844,0,0.311,100.1001,0.7238,1]},
{"frame":215,"values":[0.9034,-0.1632,-0.3966,0,0.0169,0.9376,-0.3472,0,-0.4285,-0.307,-0.8498,0,0.311,100.1001,0.7238,1]},
{"frame":216,"values":[0.8581,-0.1645,-0.4864,0,-0.0064,0.9438,-0.3304,0,-0.5135,-0.2866,-0.8088,0,0.311,100.1001,0.7238,1]},
{"frame":217,"values":[0.8044,-0.1632,-0.5712,0,-0.0273,0.9504,-0.31,0,-0.5934,-0.2649,-0.76,0,0.311,100.1001,0.7238,1]},
{"frame":218,"values":[0.7475,-0.1602,-0.6447,0,-0.0451,0.956,-0.2898,0,-0.6628,-0.2456,-0.7074,0,0.311,100.1001,0.7238,1]},
{"frame":219,"values":[0.6986,-0.1553,-0.6985,0,-0.0582,0.9606,-0.2718,0,-0.7132,-0.2305,-0.662,0,0.311,100.1001,0.7238,1]},
{"frame":220,"values":[0.6667,-0.1468,-0.7307,0,-0.0673,0.9645,-0.2552,0,-0.7423,-0.2193,-0.6332,0,0.311,100.1001,0.7238,1]},
{"frame":221,"values":[0.6487,-0.1362,-0.7488,0,-0.0733,0.9681,-0.2396,0,-0.7575,-0.2103,-0.618,0,0.311,100.1001,0.7238,1]},
{"frame":222,"values":[0.6418,-0.1279,-0.7561,0,-0.0738,0.9711,-0.2269,0,-0.7633,-0.2014,-0.6138,0,0.311,100.1001,0.7238,1]},
{"frame":223,"values":[0.648,-0.1213,-0.7519,0,-0.069,0.9738,-0.2166,0,-0.7585,-0.1922,-0.6226,0,0.311,100.1001,0.7238,1]},
{"frame":224,"values":[0.6645,-0.1136,-0.7386,0,-0.0633,0.9763,-0.207,0,-0.7446,-0.1843,-0.6416,0,0.311,100.1001,0.7238,1]},
{"frame":225,"values":[0.6862,-0.1043,-0.7199,0,-0.0589,0.9784,-0.1979,0,-0.7251,-0.1782,-0.6652,0,0.311,100.1001,0.7238,1]},
{"frame":226,"values":[0.7102,-0.0935,-0.6978,0,-0.0564,0.9804,-0.1888,0,-0.7017,-0.1734,-0.691,0,0.311,100.1001,0.7238,1]},
{"frame":227,"values":[0.7314,-0.0793,-0.6774,0,-0.0589,0.9822,-0.1785,0,-0.6794,-0.1704,-0.7137,0,0.311,100.1001,0.7238,1]},
{"frame":228,"values":[0.7399,-0.0625,-0.6698,0,-0.0666,0.984,-0.1654,0,-0.6694,-0.167,-0.7239,0,0.311,100.1001,0.7238,1]},
{"frame":241,"values":[0.767,0.0244,-0.6412,0,0.1268,0.9738,0.1887,0,-0.6291,0.226,-0.7438,0,0.4441,99.9228,0.3698,1]},
{"frame":242,"values":[0.767,0.0244,-0.6412,0,0.1268,0.9738,0.1887,0,-0.629,0.226,-0.7438,0,0.4441,99.9228,0.3698,1]},
{"frame":243,"values":[0.767,0.0245,-0.6411,0,0.1267,0.9738,0.1888,0,-0.629,0.2261,-0.7438,0,0.4441,99.9228,0.3698,1]},
{"frame":244,"values":[0.7671,0.0245,-0.6411,0,0.1267,0.9738,0.1888,0,-0.6289,0.2261,-0.7439,0,0.4441,99.9228,0.3698,1]},
{"frame":245,"values":[0.7672,0.0246,-0.6409,0,0.1266,0.9738,0.1889,0,-0.6288,0.2261,-0.744,0,0.4441,99.9228,0.3698,1]},
{"frame":246,"values":[0.7673,0.0247,-0.6408,0,0.1265,0.9738,0.189,0,-0.6287,0.2261,-0.7441,0,0.4441,99.9228,0.3698,1]},
{"frame":247,"values":[0.7674,0.0248,-0.6407,0,0.1264,0.9738,0.1892,0,-0.6286,0.2262,-0.7442,0,0.4441,99.9228,0.3698,1]},
{"frame":248,"values":[0.7675,0.0249,-0.6405,0,0.1263,0.9738,0.1893,0,-0.6284,0.2262,-0.7442,0,0.4441,99.9228,0.3698,1]},
{"frame":249,"values":[0.7676,0.0251,-0.6404,0,0.1262,0.9738,0.1894,0,-0.6283,0.2262,-0.7443,0,0.4441,99.9228,0.3698,1]},
{"frame":250,"values":[0.7677,0.0252,-0.6403,0,0.1261,0.9737,0.1896,0,-0.6283,0.2263,-0.7444,0,0.4441,99.9228,0.3698,1]},
{"frame":251,"values":[0.7678,0.0254,-0.6402,0,0.126,0.9737,0.1897,0,-0.6282,0.2263,-0.7444,0,0.4441,99.9228,0.3698,1]},
{"frame":252,"values":[0.7678,0.0255,-0.6402,0,0.1259,0.9737,0.1898,0,-0.6282,0.2264,-0.7444,0,0.4441,99.9228,0.3698,1]},
{"frame":253,"values":[0.7678,0.0257,-0.6402,0,0.1258,0.9737,0.19,0,-0.6283,0.2264,-0.7443,0,0.4441,99.9228,0.3698,1]},
{"frame":254,"values":[0.7677,0.0259,-0.6403,0,0.1257,0.9737,0.1901,0,-0.6283,0.2264,-0.7443,0,0.4441,99.9228,0.3698,1]},
{"frame":255,"values":[0.7677,0.0261,-0.6403,0,0.1256,0.9737,0.1902,0,-0.6284,0.2265,-0.7442,0,0.4441,99.9228,0.3698,1]},
{"frame":256,"values":[0.7676,0.0262,-0.6404,0,0.1255,0.9737,0.1904,0,-0.6285,0.2265,-0.7441,0,0.4441,99.9228,0.3698,1]},
{"frame":257,"values":[0.7675,0.0264,-0.6405,0,0.1255,0.9736,0.1905,0,-0.6286,0.2266,-0.744,0,0.4441,99.9228,0.3698,1]},
{"frame":258,"values":[0.7676,0.0265,-0.6404,0,0.1253,0.9736,0.1906,0,-0.6286,0.2266,-0.744,0,0.4441,99.9228,0.3698,1]},
{"frame":259,"values":[0.7676,0.0267,-0.6404,0,0.1252,0.9736,0.1907,0,-0.6286,0.2266,-0.744,0,0.4441,99.9228,0.3698,1]},
{"frame":260,"values":[0.7675,0.0268,-0.6404,0,0.1251,0.9736,0.1908,0,-0.6287,0.2265,-0.7439,0,0.4441,99.9228,0.3698,1]},
{"frame":261,"values":[0.7676,0.027,-0.6404,0,0.125,0.9736,0.1908,0,-0.6287,0.2265,-0.7439,0,0.4441,99.9228,0.3698,1]},
{"frame":262,"values":[0.7676,0.0271,-0.6404,0,0.1249,0.9736,0.1909,0,-0.6287,0.2265,-0.7439,0,0.4441,99.9228,0.3698,1]},
{"frame":263,"values":[0.7675,0.0273,-0.6404,0,0.1248,0.9736,0.191,0,-0.6287,0.2265,-0.7439,0,0.4441,99.9228,0.3698,1]},
{"frame":264,"values":[0.7674,0.0274,-0.6406,0,0.1247,0.9736,0.191,0,-0.6289,0.2265,-0.7438,0,0.4441,99.9228,0.3698,1]},
{"frame":265,"values":[0.7673,0.0275,-0.6406,0,0.1246,0.9736,0.1911,0,-0.629,0.2264,-0.7437,0,0.4441,99.9228,0.3698,1]},
{"frame":266,"values":[0.7674,0.0276,-0.6406,0,0.1245,0.9736,0.1911,0,-0.629,0.2264,-0.7437,0,0.4441,99.9228,0.3698,1]},
{"frame":267,"values":[0.7674,0.0278,-0.6405,0,0.1243,0.9737,0.1912,0,-0.629,0.2263,-0.7438,0,0.4441,99.9228,0.3698,1]},
{"frame":268,"values":[0.7675,0.0279,-0.6405,0,0.1241,0.9737,0.1912,0,-0.6289,0.2263,-0.7438,0,0.4441,99.9228,0.3698,1]},
{"frame":269,"values":[0.7676,0.0281,-0.6403,0,0.1239,0.9737,0.1913,0,-0.6289,0.2262,-0.7439,0,0.4441,99.9228,0.3698,1]},
{"frame":270,"values":[0.7678,0.0282,-0.6401,0,0.1237,0.9737,0.1914,0,-0.6286,0.2261,-0.7441,0,0.4441,99.9228,0.3698,1]},
{"frame":271,"values":[0.7679,0.0284,-0.6399,0,0.1235,0.9737,0.1914,0,-0.6285,0.226,-0.7442,0,0.4441,99.9228,0.3698,1]},
{"frame":272,"values":[0.7679,0.0285,-0.6399,0,0.1234,0.9737,0.1914,0,-0.6286,0.226,-0.7442,0,0.4441,99.9228,0.3698,1]},
{"frame":273,"values":[0.7679,0.0287,-0.64,0,0.1232,0.9737,0.1915,0,-0.6286,0.2259,-0.7442,0,0.4441,99.9228,0.3698,1]},
{"frame":274,"values":[0.7678,0.0288,-0.64,0,0.1231,0.9737,0.1915,0,-0.6287,0.2258,-0.7441,0,0.4441,99.9228,0.3698,1]},
{"frame":275,"values":[0.7677,0.0289,-0.6402,0,0.123,0.9738,0.1915,0,-0.6289,0.2257,-0.744,0,0.4441,99.9228,0.3698,1]},
{"frame":276,"values":[0.7676,0.0291,-0.6403,0,0.1229,0.9738,0.1915,0,-0.6291,0.2257,-0.7439,0,0.4441,99.9228,0.3698,1]},
{"frame":277,"values":[0.7675,0.0292,-0.6404,0,0.1228,0.9738,0.1915,0,-0.6292,0.2256,-0.7438,0,0.4441,99.9228,0.3698,1]},
{"frame":278,"values":[0.7674,0.0293,-0.6405,0,0.1227,0.9738,0.1915,0,-0.6293,0.2255,-0.7437,0,0.4441,99.9228,0.3698,1]},
{"frame":279,"values":[0.7674,0.0294,-0.6405,0,0.1225,0.9738,0.1915,0,-0.6294,0.2254,-0.7437,0,0.4441,99.9228,0.3698,1]},
{"frame":280,"values":[0.7674,0.0295,-0.6404,0,0.1224,0.9738,0.1915,0,-0.6293,0.2253,-0.7438,0,0.4441,99.9228,0.3698,1]},
{"frame":281,"values":[0.7674,0.0295,-0.6405,0,0.1223,0.9739,0.1914,0,-0.6294,0.2252,-0.7438,0,0.4441,99.9228,0.3698,1]},
{"frame":282,"values":[0.7675,0.0295,-0.6404,0,0.1222,0.9739,0.1913,0,-0.6293,0.225,-0.7439,0,0.4441,99.9228,0.3698,1]},
{"frame":283,"values":[0.7676,0.0294,-0.6403,0,0.1221,0.9739,0.1911,0,-0.6292,0.2249,-0.744,0,0.4441,99.9228,0.3698,1]},
{"frame":284,"values":[0.7677,0.0294,-0.6402,0,0.122,0.974,0.191,0,-0.6291,0.2247,-0.7441,0,0.4441,99.9228,0.3698,1]},
{"frame":285,"values":[0.7676,0.0292,-0.6402,0,0.122,0.974,0.1907,0,-0.6292,0.2245,-0.7441,0,0.4441,99.9228,0.3698,1]},
{"frame":286,"values":[0.7676,0.0291,-0.6403,0,0.122,0.9741,0.1905,0,-0.6292,0.2243,-0.7441,0,0.4441,99.9228,0.3698,1]},
{"frame":287,"values":[0.7675,0.0289,-0.6405,0,0.122,0.9741,0.1902,0,-0.6294,0.2241,-0.7441,0,0.4441,99.9228,0.3698,1]},
{"frame":288,"values":[0.7674,0.0287,-0.6405,0,0.122,0.9742,0.1898,0,-0.6295,0.2239,-0.7441,0,0.4441,99.9228,0.3698,1]},
{"frame":289,"values":[0.7673,0.0285,-0.6407,0,0.1221,0.9743,0.1895,0,-0.6296,0.2237,-0.744,0,0.4441,99.9228,0.3698,1]},
{"frame":290,"values":[0.7671,0.0282,-0.6409,0,0.1222,0.9743,0.1892,0,-0.6298,0.2235,-0.7439,0,0.4441,99.9228,0.3698,1]},
{"frame":291,"values":[0.767,0.028,-0.6411,0,0.1224,0.9743,0.1889,0,-0.6299,0.2233,-0.7439,0,0.4441,99.9228,0.3698,1]},
{"frame":292,"values":[0.7669,0.0277,-0.6412,0,0.1225,0.9744,0.1886,0,-0.63,0.2232,-0.7438,0,0.4441,99.9228,0.3698,1]},
{"frame":293,"values":[0.7668,0.0274,-0.6413,0,0.1227,0.9744,0.1883,0,-0.63,0.223,-0.7439,0,0.4441,99.9228,0.3698,1]},
{"frame":294,"values":[0.7668,0.0271,-0.6413,0,0.1228,0.9745,0.188,0,-0.63,0.2229,-0.7439,0,0.4441,99.9228,0.3698,1]},
{"frame":295,"values":[0.7668,0.0268,-0.6414,0,0.123,0.9745,0.1878,0,-0.63,0.2229,-0.7439,0,0.4441,99.9228,0.3698,1]},
{"frame":296,"values":[0.7668,0.0266,-0.6413,0,0.1231,0.9745,0.1876,0,-0.6299,0.2228,-0.744,0,0.4441,99.9228,0.3698,1]},
{"frame":297,"values":[0.7669,0.0264,-0.6412,0,0.1233,0.9745,0.1875,0,-0.6298,0.2228,-0.7441,0,0.4441,99.9228,0.3698,1]},
{"frame":298,"values":[0.7669,0.0261,-0.6412,0,0.1234,0.9745,0.1874,0,-0.6298,0.2228,-0.7441,0,0.4441,99.9228,0.3698,1]},
{"frame":299,"values":[0.767,0.0259,-0.6412,0,0.1236,0.9745,0.1872,0,-0.6297,0.2228,-0.7442,0,0.4441,99.9228,0.3698,1]},
{"frame":300,"values":[0.767,0.0257,-0.6412,0,0.1238,0.9745,0.1871,0,-0.6297,0.2229,-0.7442,0,0.4441,99.9228,0.3698,1]},
{"frame":301,"values":[0.767,0.0255,-0.6411,0,0.1239,0.9745,0.187,0,-0.6296,0.2229,-0.7443,0,0.4441,99.9228,0.3698,1]},
{"frame":302,"values":[0.7671,0.0253,-0.641,0,0.1241,0.9745,0.1869,0,-0.6294,0.2229,-0.7444,0,0.4441,99.9228,0.3698,1]},
{"frame":303,"values":[0.7671,0.0251,-0.641,0,0.1243,0.9745,0.1868,0,-0.6294,0.2229,-0.7444,0,0.4441,99.9228,0.3698,1]},
{"frame":304,"values":[0.7671,0.0249,-0.6411,0,0.1244,0.9745,0.1867,0,-0.6294,0.223,-0.7444,0,0.4441,99.9228,0.3698,1]},
{"frame":305,"values":[0.7671,0.0247,-0.641,0,0.1246,0.9745,0.1866,0,-0.6293,0.223,-0.7445,0,0.4441,99.9228,0.3698,1]},
{"frame":306,"values":[0.7671,0.0245,-0.6411,0,0.1247,0.9745,0.1865,0,-0.6293,0.223,-0.7445,0,0.4441,99.9228,0.3698,1]},
{"frame":307,"values":[0.767,0.0243,-0.6412,0,0.1249,0.9745,0.1864,0,-0.6294,0.223,-0.7444,0,0.4441,99.9228,0.3698,1]},
{"frame":308,"values":[0.767,0.0242,-0.6412,0,0.125,0.9745,0.1863,0,-0.6294,0.223,-0.7444,0,0.4441,99.9228,0.3698,1]},
{"frame":309,"values":[0.7669,0.0241,-0.6413,0,0.1251,0.9745,0.1862,0,-0.6295,0.2231,-0.7443,0,0.4441,99.9228,0.3698,1]},
{"frame":310,"values":[0.7668,0.024,-0.6414,0,0.1253,0.9745,0.1862,0,-0.6295,0.2231,-0.7442,0,0.4441,99.9228,0.3698,1]},
{"frame":311,"values":[0.7667,0.0239,-0.6415,0,0.1254,0.9745,0.1862,0,-0.6296,0.2232,-0.7441,0,0.4441,99.9228,0.3698,1]},
{"frame":312,"values":[0.7666,0.0238,-0.6416,0,0.1255,0.9745,0.1862,0,-0.6297,0.2233,-0.7441,0,0.4441,99.9228,0.3698,1]},
{"frame":313,"values":[0.7665,0.0238,-0.6418,0,0.1257,0.9744,0.1862,0,-0.6298,0.2234,-0.744,0,0.4441,99.9228,0.3698,1]},
{"frame":314,"values":[0.7664,0.0237,-0.6419,0,0.1258,0.9744,0.1862,0,-0.6299,0.2235,-0.7438,0,0.4441,99.9228,0.3698,1]},
{"frame":315,"values":[0.7664,0.0237,-0.642,0,0.1259,0.9744,0.1863,0,-0.6299,0.2236,-0.7438,0,0.4441,99.9228,0.3698,1]},
{"frame":316,"values":[0.7663,0.0236,-0.642,0,0.1261,0.9744,0.1864,0,-0.6299,0.2237,-0.7437,0,0.4441,99.9228,0.3698,1]},
{"frame":317,"values":[0.7664,0.0236,-0.642,0,0.1261,0.9743,0.1864,0,-0.6299,0.2239,-0.7437,0,0.4441,99.9228,0.3698,1]},
{"frame":318,"values":[0.7664,0.0236,-0.642,0,0.1262,0.9743,0.1865,0,-0.6299,0.224,-0.7437,0,0.4441,99.9228,0.3698,1]},
{"frame":319,"values":[0.7664,0.0236,-0.6419,0,0.1263,0.9743,0.1866,0,-0.6298,0.2241,-0.7437,0,0.4441,99.9228,0.3698,1]},
{"frame":320,"values":[0.7665,0.0236,-0.6419,0,0.1263,0.9743,0.1867,0,-0.6297,0.2242,-0.7437,0,0.4441,99.9228,0.3698,1]},
{"frame":321,"values":[0.7665,0.0236,-0.6418,0,0.1264,0.9742,0.1868,0,-0.6297,0.2243,-0.7438,0,0.4441,99.9228,0.3698,1]},
{"frame":322,"values":[0.7665,0.0237,-0.6418,0,0.1264,0.9742,0.1869,0,-0.6296,0.2244,-0.7438,0,0.4441,99.9228,0.3698,1]},
{"frame":323,"values":[0.7666,0.0237,-0.6417,0,0.1265,0.9742,0.1871,0,-0.6296,0.2246,-0.7438,0,0.4441,99.9228,0.3698,1]},
{"frame":324,"values":[0.7666,0.0237,-0.6416,0,0.1265,0.9741,0.1872,0,-0.6295,0.2247,-0.7438,0,0.4441,99.9228,0.3698,1]},
{"frame":325,"values":[0.7667,0.0237,-0.6416,0,0.1266,0.9741,0.1873,0,-0.6294,0.2248,-0.7438,0,0.4441,99.9228,0.3698,1]},
{"frame":326,"values":[0.7667,0.0238,-0.6415,0,0.1266,0.9741,0.1874,0,-0.6294,0.2249,-0.7439,0,0.4441,99.9228,0.3698,1]},
{"frame":327,"values":[0.7668,0.0238,-0.6415,0,0.1267,0.9741,0.1876,0,-0.6293,0.2251,-0.7439,0,0.4441,99.9228,0.3698,1]},
{"frame":328,"values":[0.7668,0.0239,-0.6414,0,0.1267,0.974,0.1877,0,-0.6292,0.2252,-0.7439,0,0.4441,99.9228,0.3698,1]},
{"frame":329,"values":[0.7669,0.0239,-0.6414,0,0.1267,0.974,0.1878,0,-0.6292,0.2253,-0.7439,0,0.4441,99.9228,0.3698,1]},
{"frame":330,"values":[0.7669,0.024,-0.6413,0,0.1267,0.974,0.188,0,-0.6291,0.2254,-0.7439,0,0.4441,99.9228,0.3698,1]},
{"frame":331,"values":[0.7669,0.024,-0.6413,0,0.1268,0.9739,0.1881,0,-0.6291,0.2256,-0.7439,0,0.4441,99.9228,0.3698,1]},
{"frame":332,"values":[0.7669,0.0241,-0.6413,0,0.1268,0.9739,0.1882,0,-0.6291,0.2257,-0.7439,0,0.4441,99.9228,0.3698,1]},
{"frame":333,"values":[0.7669,0.0242,-0.6413,0,0.1268,0.9739,0.1884,0,-0.6291,0.2258,-0.7438,0,0.4441,99.9228,0.3698,1]},
{"frame":334,"values":[0.767,0.0243,-0.6412,0,0.1268,0.9738,0.1885,0,-0.6291,0.2259,-0.7438,0,0.4441,99.9228,0.3698,1]},
{"frame":341,"values":[1,0,0,0,0,1,0,0,0,0,-1,0,0,99.7919,-0.0001,1]},
{"frame":342,"values":[1,0,0,0,0,1,0,0,0,0,-1,0,0,99.7919,-0.0001,1]}],"loopBehavior":1,"name":"anim","property":"_matrix"}},
{"name":"mixamorig:Spine","index":1,"matrix":[1,0,0,0,0,1,0,0,0,0,1,0,0,9.9235,-1.2273,1],"rest":[1,0,0,0,0,1,0,0,0,0,1,0,0,9.9235,-1.2273,1],"parentBoneIndex":0,"length":11.732
,"animation":{"dataType":3,"framePerSecond":30,"keys":[
{"frame":1,"values":[0.9966,-0.013,-0.0812,0,0.0211,0.9948,0.0999,0,0.0795,-0.1013,0.9917,0,0,9.9235,-1.2273,1]},
{"frame":2,"values":[0.9966,-0.013,-0.0812,0,0.0211,0.9948,0.0998,0,0.0795,-0.1012,0.9917,0,0,9.9235,-1.2273,1]},
{"frame":3,"values":[0.9966,-0.013,-0.0812,0,0.0211,0.9948,0.0997,0,0.0795,-0.1011,0.9917,0,0,9.9235,-1.2273,1]},
{"frame":4,"values":[0.9966,-0.0129,-0.0812,0,0.021,0.9948,0.0996,0,0.0795,-0.1009,0.9917,0,0,9.9235,-1.2273,1]},
{"frame":5,"values":[0.9966,-0.0129,-0.081,0,0.0209,0.9948,0.0994,0,0.0793,-0.1007,0.9917,0,0,9.9235,-1.2273,1]},
{"frame":6,"values":[0.9967,-0.0127,-0.0808,0,0.0207,0.9949,0.0991,0,0.0791,-0.1004,0.9918,0,0,9.9235,-1.2273,1]},
{"frame":7,"values":[0.9967,-0.0126,-0.0805,0,0.0205,0.9949,0.0988,0,0.0788,-0.1001,0.9918,0,0,9.9235,-1.2273,1]},
{"frame":8,"values":[0.9967,-0.0125,-0.0803,0,0.0204,0.9949,0.0984,0,0.0787,-0.0997,0.9919,0,0,9.9235,-1.2273,1]},
{"frame":9,"values":[0.9967,-0.0124,-0.0803,0,0.0203,0.995,0.098,0,0.0787,-0.0993,0.9919,0,0,9.9235,-1.2273,1]},
{"frame":10,"values":[0.9967,-0.0123,-0.0803,0,0.0202,0.995,0.0975,0,0.0787,-0.0988,0.992,0,0,9.9235,-1.2273,1]},
{"frame":11,"values":[0.9967,-0.0123,-0.0804,0,0.0201,0.9951,0.097,0,0.0788,-0.0983,0.992,0,0,9.9235,-1.2273,1]},
{"frame":12,"values":[0.9967,-0.0122,-0.0805,0,0.02,0.9951,0.0965,0,0.079,-0.0978,0.9921,0,0,9.9235,-1.2273,1]},
{"frame":13,"values":[0.9967,-0.0121,-0.0806,0,0.0198,0.9952,0.0961,0,0.079,-0.0974,0.9921,0,0,9.9235,-1.2273,1]},
{"frame":14,"values":[0.9967,-0.012,-0.0805,0,0.0197,0.9952,0.0957,0,0.079,-0.097,0.9921,0,0,9.9235,-1.2273,1]},
{"frame":15,"values":[0.9967,-0.0118,-0.0804,0,0.0195,0.9953,0.0953,0,0.0789,-0.0966,0.9922,0,0,9.9235,-1.2273,1]},
{"frame":16,"values":[0.9967,-0.0117,-0.0802,0,0.0193,0.9953,0.0949,0,0.0787,-0.0961,0.9923,0,0,9.9235,-1.2273,1]},
{"frame":17,"values":[0.9967,-0.0115,-0.0801,0,0.0191,0.9954,0.0944,0,0.0787,-0.0956,0.9923,0,0,9.9235,-1.2273,1]},
{"frame":18,"values":[0.9967,-0.0114,-0.0802,0,0.019,0.9954,0.0939,0,0.0788,-0.0951,0.9923,0,0,9.9235,-1.2273,1]},
{"frame":19,"values":[0.9967,-0.0113,-0.0803,0,0.0189,0.9954,0.0935,0,0.0789,-0.0947,0.9924,0,0,9.9235,-1.2273,1]},
{"frame":20,"values":[0.9967,-0.0113,-0.0804,0,0.0187,0.9955,0.0931,0,0.079,-0.0943,0.9924,0,0,9.9235,-1.2273,1]},
{"frame":21,"values":[0.9967,-0.0112,-0.0804,0,0.0186,0.9955,0.0927,0,0.079,-0.0939,0.9924,0,0,9.9235,-1.2273,1]},
{"frame":22,"values":[0.9967,-0.0111,-0.0803,0,0.0185,0.9955,0.0924,0,0.0789,-0.0936,0.9925,0,0,9.9235,-1.2273,1]},
{"frame":23,"values":[0.9967,-0.0111,-0.0802,0,0.0185,0.9956,0.0921,0,0.0789,-0.0933,0.9925,0,0,9.9235,-1.2273,1]},
{"frame":24,"values":[0.9967,-0.011,-0.0802,0,0.0184,0.9956,0.0918,0,0.0788,-0.093,0.9925,0,0,9.9235,-1.2273,1]},
{"frame":25,"values":[0.9967,-0.011,-0.0802,0,0.0184,0.9956,0.0915,0,0.0789,-0.0927,0.9926,0,0,9.9234,-1.2273,1]},
{"frame":26,"values":[0.9967,-0.011,-0.0803,0,0.0183,0.9956,0.0914,0,0.0789,-0.0925,0.9926,0,0,9.9235,-1.2273,1]},
{"frame":27,"values":[0.9967,-0.011,-0.0803,0,0.0184,0.9957,0.0913,0,0.0789,-0.0925,0.9926,0,0,9.9235,-1.2273,1]},
