{"producer":{"name":"Blender","version":"2.81 (sub 16)","exporter_version":"6.4.1","file":"oz.babylon"},
"autoClear":true,"clearColor":[0.0509,0.0509,0.0509],"gravity":[0,-9.81,0],
"materials":[],
"multiMaterials":[],
"skeletons":[{"name":"Armature_0","id":0,"dimensionsAtRest":[3.6643,2.7224,1.2566],"bones":[
{"name":"mixamorig:Hips","index":0,"matrix":[1,0,0,0,0,1,0.0059,0,0,0.0059,-1,0,0.0003,0.9291,0.0008,1],"rest":[1,0,0,0,0,1,0.0059,0,0,0.0059,-1,0,0.0003,0.9291,0.0008,1],"parentBoneIndex":-1,"length":0.0858
,"animation":{"dataType":3,"framePerSecond":24,"keys":[
{"frame":0,"values":[0.9829,-0.1757,-0.0552,0,0.1791,0.9818,0.0639,0,-0.0429,0.0727,-0.9964,0,0.0019,0.9396,-0.025,1]},
{"frame":1,"values":[0.9829,-0.1757,-0.0552,0,0.1791,0.9818,0.0639,0,-0.0429,0.0727,-0.9964,0,0.0019,0.9396,-0.025,1]},
{"frame":10,"values":[1,0,0,0,0,1,0.0059,0,0,0.0059,-1,0,0.0003,0.9291,0.0008,1]},
{"frame":11,"values":[1,0,0,0,0,1,0.0059,0,0,0.0059,-1,0,0.0003,0.9291,0.0008,1]}],"loopBehavior":1,"name":"anim","property":"_matrix"}},
{"name":"mixamorig:Spine","index":1,"matrix":[1,0,0,0,0,1,0,0,0,0,1,0,0,0.0858,0,1],"rest":[1,0,0,0,0,1,0,0,0,0,1,0,0,0.0858,0,1],"parentBoneIndex":0,"length":0.1001
,"animation":{"dataType":3,"framePerSecond":24,"keys":[
{"frame":0,"values":[0.9831,0.1824,0.0125,0,-0.1812,0.9811,-0.0675,0,-0.0246,0.0641,0.9976,0,0,0.0858,0,1]},
{"frame":1,"values":[0.9831,0.1824,0.0125,0,-0.1812,0.9811,-0.0675,0,-0.0246,0.0641,0.9976,0,0,0.0858,0,1]},
{"frame":10,"values":[1,0,0,0,0,1,0,0,0,0,1,0,0,0.0858,0,1]},
{"frame":11,"values":[1,0,0,0,0,1,0,0,0,0,1,0,0,0.0858,0,1]}],"loopBehavior":1,"name":"anim","property":"_matrix"}},
{"name":"mixamorig:Spine1","index":2,"matrix":[1,0,0,0,0,1,0,0,0,0,1,0,0,0.1001,0,1],"rest":[1,0,0,0,0,1,0,0,0,0,1,0,0,0.1001,0,1],"parentBoneIndex":1,"length":0.1144
,"animation":{"dataType":3,"framePerSecond":24,"keys":[
{"frame":0,"values":[0.999,0.0455,0.0034,0,-0.0456,0.9986,0.0274,0,-0.0021,-0.0276,0.9996,0,0,0.1001,0,1]},
{"frame":1,"values":[0.999,0.0455,0.0034,0,-0.0456,0.9986,0.0274,0,-0.0021,-0.0276,0.9996,0,0,0.1001,0,1]},
{"frame":10,"values":[1,0,0,0,0,1,0,0,0,0,1,0,0,0.1001,0,1]},
{"frame":11,"values":[1,0,0,0,0,1,0,0,0,0,1,0,0,0.1001,0,1]}],"loopBehavior":1,"name":"anim","property":"_matrix"}},
{"name":"mixamorig:Spine2","index":3,"matrix":[1,0,0,0,0,1,0,0,0,0,1,0,0,0.1144,0,1],"rest":[1,0,0,0,0,1,0,0,0,0,1,0,0,0.1144,0,1],"parentBoneIndex":2,"length":0.1288
,"animation":{"dataType":3,"framePerSecond":24,"keys":[
{"frame":0,"values":[0.999,0.0444,0.0071,0,-0.0446,0.9986,0.028,0,-0.0058,-0.0282,0.9996,0,0,0.1144,0,1]},
{"frame":1,"values":[0.999,0.0444,0.0071,0,-0.0446,0.9986,0.028,0,-0.0058,-0.0282,0.9996,0,0,0.1144,0,1]},
{"frame":10,"values":[1,0,0,0,0,1,0,0,0,0,1,0,0,0.1144,0,1]},
{"frame":11,"values":[1,0,0,0,0,1,0,0,0,0,1,0,0,0.1144,0,1]}],"loopBehavior":1,"name":"anim","property":"_matrix"}},
{"name":"mixamorig:Neck","index":4,"matrix":[1,0,0,0,0,1,0.0039,0,0,-0.0039,1,0,0,0.1288,0,1],"rest":[1,0,0,0,0,1,0.0039,0,0,-0.0039,1,0,0,0.1288,0,1],"parentBoneIndex":3,"length":0.1144
,"animation":{"dataType":3,"framePerSecond":24,"keys":[
{"frame":0,"values":[0.9942,-0.1075,-0.0034,0,0.1074,0.9898,0.0941,0,-0.0067,-0.0939,0.9956,0,0,0.1288,0,1]},
{"frame":1,"values":[0.9942,-0.1075,-0.0034,0,0.1074,0.9898,0.0941,0,-0.0067,-0.0939,0.9956,0,0,0.1288,0,1]},
{"frame":10,"values":[1,0,0,0,0,1,0.0039,0,0,-0.0039,1,0,0,0.1288,0,1]},
{"frame":11,"values":[1,0,0,0,0,1,0.0039,0,0,-0.0039,1,0,0,0.1288,0,1]}],"loopBehavior":1,"name":"anim","property":"_matrix"}},
{"name":"mixamorig:Head","index":5,"matrix":[1,0,0,0,0,1,0,0,0,0,1,0,0,0.1144,0,1],"rest":[1,0,0,0,0,1,0,0,0,0,1,0,0,0.1144,0,1],"parentBoneIndex":4,"length":0.2545
,"animation":{"dataType":3,"framePerSecond":24,"keys":[
{"frame":0,"values":[0.9997,0.0113,0.0205,0,-0.0075,0.9844,-0.1758,0,-0.0222,0.1756,0.9842,0,0,0.1144,0,1]},
{"frame":1,"values":[0.9997,0.0113,0.0205,0,-0.0075,0.9844,-0.1758,0,-0.0222,0.1756,0.9842,0,0,0.1144,0,1]},
{"frame":10,"values":[1,0,0,0,0,1,0,0,0,0,1,0,0,0.1144,0,1]},
{"frame":11,"values":[1,0,0,0,0,1,0,0,0,0,1,0,0,0.1144,0,1]}],"loopBehavior":1,"name":"anim","property":"_matrix"}},
{"name":"mixamorig:HeadTop_End","index":6,"matrix":[1,0,0,0,0,1,0.0021,0,0,-0.0021,1,0,0,0.2545,0,1],"rest":[1,0,0,0,0,1,0.0021,0,0,-0.0021,1,0,0,0.2545,0,1],"parentBoneIndex":5,"length":1
,"animation":{"dataType":3,"framePerSecond":24,"keys":[
{"frame":0,"values":[1,0,0,0,0,1,0.0021,0,0,-0.0021,1,0,0,0.2545,0,1]},
{"frame":1,"values":[1,0,0,0,0,1,0.0021,0,0,-0.0021,1,0,0,0.2545,0,1]},
{"frame":10,"values":[1,0,0,0,0,1,0.0021,0,0,-0.0021,1,0,0,0.2545,0,1]},
{"frame":11,"values":[1,0,0,0,0,1,0.0021,0,0,-0.0021,1,0,0,0.2545,0,1]}],"loopBehavior":1,"name":"anim","property":"_matrix"}},
{"name":"mixamorig:LeftShoulder","index":7,"matrix":[-0.0053,0,-1,0,0.9575,-0.2883,-0.0051,0,-0.2883,-0.9575,0.0015,0,0.0444,0.116,-0.0002,1],"rest":[-0.0053,0,-1,0,0.9575,-0.2883,-0.0051,0,-0.2883,-0.9575,0.0015,0,0.0444,0.116,-0.0002,1],"parentBoneIndex":3,"length":0.0925
,"animation":{"dataType":3,"framePerSecond":24,"keys":[
{"frame":0,"values":[0.103,0.0108,-0.9946,0,0.8812,-0.4648,0.0862,0,-0.4614,-0.8853,-0.0574,0,0.0444,0.116,-0.0002,1]},
{"frame":1,"values":[0.103,0.0108,-0.9946,0,0.8812,-0.4648,0.0862,0,-0.4614,-0.8853,-0.0574,0,0.0444,0.116,-0.0002,1]},
{"frame":10,"values":[-0.0053,0,-1,0,0.9575,-0.2883,-0.0051,0,-0.2883,-0.9575,0.0015,0,0.0444,0.116,-0.0002,1]},
{"frame":11,"values":[-0.0053,0,-1,0,0.9575,-0.2883,-0.0051,0,-0.2883,-0.9575,0.0015,0,0.0444,0.116,-0.0002,1]}],"loopBehavior":1,"name":"anim","property":"_matrix"}},
{"name":"mixamorig:LeftArm","index":8,"matrix":[0.9996,0.0278,0,0,-0.0269,0.9667,-0.2545,0,-0.0071,0.2544,0.9671,0,0,0.0925,0,1],"rest":[0.9996,0.0278,0,0,-0.0269,0.9667,-0.2545,0,-0.0071,0.2544,0.9671,0,0,0.0925,0,1],"parentBoneIndex":7,"length":0.3274
,"animation":{"dataType":3,"framePerSecond":24,"keys":[
{"frame":0,"values":[0.9852,-0.1633,-0.0521,0,0.1236,0.4663,0.8759,0,-0.1188,-0.8694,0.4796,0,0,0.0925,0,1]},
{"frame":1,"values":[0.9852,-0.1633,-0.0521,0,0.1236,0.4663,0.8759,0,-0.1188,-0.8694,0.4796,0,0,0.0925,0,1]},
{"frame":10,"values":[0.9996,0.0278,0,0,-0.0269,0.9667,-0.2545,0,-0.0071,0.2544,0.9671,0,0,0.0925,0,1]},
{"frame":11,"values":[0.9996,0.0278,0,0,-0.0269,0.9667,-0.2545,0,-0.0071,0.2544,0.9671,0,0,0.0925,0,1]}],"loopBehavior":1,"name":"anim","property":"_matrix"}},
{"name":"mixamorig:LeftForeArm","index":9,"matrix":[0.9999,-0.0101,0,0,0.0101,0.9999,-0.0114,0,0.0001,0.0114,0.9999,0,0,0.3274,0,1],"rest":[0.9999,-0.0101,0,0,0.0101,0.9999,-0.0114,0,0.0001,0.0114,0.9999,0,0,0.3274,0,1],"parentBoneIndex":8,"length":0.2479
,"animation":{"dataType":3,"framePerSecond":24,"keys":[
{"frame":0,"values":[0.9292,0.3695,0.0009,0,-0.3695,0.9292,0.0049,0,0.001,-0.0049,1,0,0,0.3274,0,1]},
{"frame":1,"values":[0.9292,0.3695,0.0009,0,-0.3695,0.9292,0.0049,0,0.001,-0.0049,1,0,0,0.3274,0,1]},
{"frame":10,"values":[0.9999,-0.0101,0,0,0.0101,0.9999,-0.0114,0,0.0001,0.0114,0.9999,0,0,0.3274,0,1]},
{"frame":11,"values":[0.9999,-0.0101,0,0,0.0101,0.9999,-0.0114,0,0.0001,0.0114,0.9999,0,0,0.3274,0,1]}],"loopBehavior":1,"name":"anim","property":"_matrix"}},
{"name":"mixamorig:LeftHand","index":10,"matrix":[0.9993,-0.0376,0,0,0.0376,0.999,-0.025,0,0.0009,0.025,0.9997,0,0,0.2479,0,1],"rest":[0.9993,-0.0376,0,0,0.0376,0.999,-0.025,0,0.0009,0.025,0.9997,0,0,0.2479,0,1],"parentBoneIndex":9,"length":0.0627
,"animation":{"dataType":3,"framePerSecond":24,"keys":[
{"frame":0,"values":[0.9578,0.1169,-0.2625,0,-0.1038,0.9926,0.0634,0,0.2679,-0.0334,0.9629,0,0,0.2479,0,1]},
{"frame":1,"values":[0.9578,0.1169,-0.2625,0,-0.1038,0.9926,0.0634,0,0.2679,-0.0334,0.9629,0,0,0.2479,0,1]},
{"frame":10,"values":[0.9993,-0.0376,0,0,0.0376,0.999,-0.025,0,0.0009,0.025,0.9997,0,0,0.2479,0,1]},
{"frame":11,"values":[0.9993,-0.0376,0,0,0.0376,0.999,-0.025,0,0.0009,0.025,0.9997,0,0,0.2479,0,1]}],"loopBehavior":1,"name":"anim","property":"_matrix"}},
{"name":"mixamorig:LeftHandIndex1","index":11,"matrix":[0.9979,-0.0642,0,0,0.0625,0.9713,0.2294,0,-0.0147,-0.229,0.9733,0,0,0.0627,0,1],"rest":[0.9979,-0.0642,0,0,0.0625,0.9713,0.2294,0,-0.0147,-0.229,0.9733,0,0,0.0627,0,1],"parentBoneIndex":10,"length":0.0218
,"animation":{"dataType":3,"framePerSecond":24,"keys":[
{"frame":0,"values":[1,-0.0015,0.0096,0,-0.0003,0.9826,0.1856,0,-0.0097,-0.1856,0.9826,0,0,0.0627,0,1]},
{"frame":1,"values":[1,-0.0015,0.0096,0,-0.0003,0.9826,0.1856,0,-0.0097,-0.1856,0.9826,0,0,0.0627,0,1]},
{"frame":10,"values":[0.9979,-0.0642,0,0,0.0625,0.9713,0.2294,0,-0.0147,-0.229,0.9733,0,0,0.0627,0,1]},
{"frame":11,"values":[0.9979,-0.0642,0,0,0.0625,0.9713,0.2294,0,-0.0147,-0.229,0.9733,0,0,0.0627,0,1]}],"loopBehavior":1,"name":"anim","property":"_matrix"}},
{"name":"mixamorig:LeftHandIndex2","index":12,"matrix":[1,0,0,0,0,1,0,0,0,0,1,0,0,0.0218,0,1],"rest":[1,0,0,0,0,1,0,0,0,0,1,0,0,0.0218,0,1],"parentBoneIndex":11,"length":1
,"animation":{"dataType":3,"framePerSecond":24,"keys":[
{"frame":0,"values":[0.9986,-0.0513,-0.01,0,0.0511,0.9168,0.396,0,-0.0111,-0.396,0.9182,0,0,0.0218,0,1]},
{"frame":1,"values":[0.9986,-0.0513,-0.01,0,0.0511,0.9168,0.396,0,-0.0111,-0.396,0.9182,0,0,0.0218,0,1]},
{"frame":10,"values":[1,0,0,0,0,1,0,0,0,0,1,0,0,0.0218,0,1]},
{"frame":11,"values":[1,0,0,0,0,1,0,0,0,0,1,0,0,0.0218,0,1]}],"loopBehavior":1,"name":"anim","property":"_matrix"}},
{"name":"mixamorig:LeftHandIndex3","index":13,"matrix":[1,0,0,0,0,1,0,0,0,0,1,0,-0.0007,0.0328,-0.0061,1],"rest":[1,0,0,0,0,1,0,0,0,0,1,0,-0.0007,0.0328,-0.0061,1],"parentBoneIndex":12,"length":1
,"animation":{"dataType":3,"framePerSecond":24,"keys":[
{"frame":0,"values":[0.9897,0.1422,0.0177,0,-0.1395,0.928,0.3455,0,0.0327,-0.3444,0.9382,0,-0.0007,0.0328,-0.0061,1]},
{"frame":1,"values":[0.9897,0.1422,0.0177,0,-0.1395,0.928,0.3455,0,0.0327,-0.3444,0.9382,0,-0.0007,0.0328,-0.0061,1]},
{"frame":10,"values":[1,0,0,0,0,1,0,0,0,0,1,0,-0.0007,0.0328,-0.0061,1]},
{"frame":11,"values":[1,0,0,0,0,1,0,0,0,0,1,0,-0.0007,0.0328,-0.0061,1]}],"loopBehavior":1,"name":"anim","property":"_matrix"}},
{"name":"mixamorig:LeftHandIndex4","index":14,"matrix":[1,0,0,0,0,1,0,0,0,0,1,0,0.0038,0.0226,-0.0062,1],"rest":[1,0,0,0,0,1,0,0,0,0,1,0,0.0038,0.0226,-0.0062,1],"parentBoneIndex":13,"length":1
,"animation":{"dataType":3,"framePerSecond":24,"keys":[
{"frame":0,"values":[1,0,0,0,0,1,0,0,0,0,1,0,0.0038,0.0226,-0.0062,1]},
{"frame":1,"values":[1,0,0,0,0,1,0,0,0,0,1,0,0.0038,0.0226,-0.0062,1]},
{"frame":10,"values":[1,0,0,0,0,1,0,0,0,0,1,0,0.0038,0.0226,-0.0062,1]},
{"frame":11,"values":[1,0,0,0,0,1,0,0,0,0,1,0,0.0038,0.0226,-0.0062,1]}],"loopBehavior":1,"name":"anim","property":"_matrix"}},
{"name":"mixamorig:RightShoulder","index":15,"matrix":[0.0018,0,1,0,-0.9575,-0.2884,0.0017,0,0.2884,-0.9575,-0.0005,0,-0.0444,0.116,0.0001,1],"rest":[0.0018,0,1,0,-0.9575,-0.2884,0.0017,0,0.2884,-0.9575,-0.0005,0,-0.0444,0.116,0.0001,1],"parentBoneIndex":3,"length":0.0925
,"animation":{"dataType":3,"framePerSecond":24,"keys":[
{"frame":0,"values":[0.0688,-0.0099,0.9976,0,-0.8741,-0.4825,0.0555,0,0.4808,-0.8758,-0.0419,0,-0.0444,0.116,0.0001,1]},
{"frame":1,"values":[0.0688,-0.0099,0.9976,0,-0.8741,-0.4825,0.0555,0,0.4808,-0.8758,-0.0419,0,-0.0444,0.116,0.0001,1]},
{"frame":10,"values":[0.0018,0,1,0,-0.9575,-0.2884,0.0017,0,0.2884,-0.9575,-0.0005,0,-0.0444,0.116,0.0001,1]},
{"frame":11,"values":[0.0018,0,1,0,-0.9575,-0.2884,0.0017,0,0.2884,-0.9575,-0.0005,0,-0.0444,0.116,0.0001,1]}],"loopBehavior":1,"name":"anim","property":"_matrix"}},
{"name":"mixamorig:RightArm","index":16,"matrix":[1,-0.0001,0,0,0.0001,0.967,-0.2547,0,0,0.2547,0.967,0,0,0.0925,0,1],"rest":[1,-0.0001,0,0,0.0001,0.967,-0.2547,0,0,0.2547,0.967,0,0,0.0925,0,1],"parentBoneIndex":15,"length":0.3273
,"animation":{"dataType":3,"framePerSecond":24,"keys":[
{"frame":0,"values":[0.9865,0.0296,0.1611,0,-0.1377,0.6828,0.7175,0,-0.0888,-0.73,0.6777,0,0,0.0925,0,1]},
{"frame":1,"values":[0.9865,0.0296,0.1611,0,-0.1377,0.6828,0.7175,0,-0.0888,-0.73,0.6777,0,0,0.0925,0,1]},
{"frame":10,"values":[1,-0.0001,0,0,0.0001,0.967,-0.2547,0,0,0.2547,0.967,0,0,0.0925,0,1]},
{"frame":11,"values":[1,-0.0001,0,0,0.0001,0.967,-0.2547,0,0,0.2547,0.967,0,0,0.0925,0,1]}],"loopBehavior":1,"name":"anim","property":"_matrix"}},
{"name":"mixamorig:RightForeArm","index":17,"matrix":[0.9996,-0.0282,0,0,0.0282,0.9995,-0.0111,0,0.0003,0.0111,0.9999,0,0,0.3273,0,1],"rest":[0.9996,-0.0282,0,0,0.0282,0.9995,-0.0111,0,0.0003,0.0111,0.9999,0,0,0.3273,0,1],"parentBoneIndex":16,"length":0.248
,"animation":{"dataType":3,"framePerSecond":24,"keys":[
{"frame":0,"values":[0.8838,-0.4678,-0.0008,0,0.4678,0.8838,0.0028,0,-0.0005,-0.0028,1,0,0,0.3273,0,1]},
{"frame":1,"values":[0.8838,-0.4678,-0.0008,0,0.4678,0.8838,0.0028,0,-0.0005,-0.0028,1,0,0,0.3273,0,1]},
{"frame":10,"values":[0.9996,-0.0282,0,0,0.0282,0.9995,-0.0111,0,0.0003,0.0111,0.9999,0,0,0.3273,0,1]},
{"frame":11,"values":[0.9996,-0.0282,0,0,0.0282,0.9995,-0.0111,0,0.0003,0.0111,0.9999,0,0,0.3273,0,1]}],"loopBehavior":1,"name":"anim","property":"_matrix"}},
{"name":"mixamorig:RightHand","index":18,"matrix":[0.9985,0.0551,0,0,-0.055,0.9979,0.0329,0,0.0018,-0.0329,0.9995,0,0,0.248,0,1],"rest":[0.9985,0.0551,0,0,-0.055,0.9979,0.0329,0,0.0018,-0.0329,0.9995,0,0,0.248,0,1],"parentBoneIndex":17,"length":0.0744
,"animation":{"dataType":3,"framePerSecond":24,"keys":[
{"frame":0,"values":[0.9577,-0.0223,0.2869,0,0.0203,0.9997,0.01,0,-0.2871,-0.0037,0.9579,0,0,0.248,0,1]},
{"frame":1,"values":[0.9577,-0.0223,0.2869,0,0.0203,0.9997,0.01,0,-0.2871,-0.0037,0.9579,0,0,0.248,0,1]},
{"frame":10,"values":[0.9985,0.0551,0,0,-0.055,0.9979,0.0329,0,0.0018,-0.0329,0.9995,0,0,0.248,0,1]},
{"frame":11,"values":[0.9985,0.0551,0,0,-0.055,0.9979,0.0329,0,0.0018,-0.0329,0.9995,0,0,0.248,0,1]}],"loopBehavior":1,"name":"anim","property":"_matrix"}},
{"name":"mixamorig:RightHandIndex1","index":19,"matrix":[0.9992,0.0409,0,0,-0.0409,0.9991,-0.0126,0,-0.0005,0.0126,0.9999,0,0,0.0744,0,1],"rest":[0.9992,0.0409,0,0,-0.0409,0.9991,-0.0126,0,-0.0005,0.0126,0.9999,0,0,0.0744,0,1],"parentBoneIndex":18,"length":0.021
,"animation":{"dataType":3,"framePerSecond":24,"keys":[
{"frame":0,"values":[0.9976,0.0665,0.017,0,-0.0681,0.9259,0.3716,0,0.009,-0.3719,0.9282,0,0,0.0744,0,1]},
{"frame":1,"values":[0.9976,0.0665,0.017,0,-0.0681,0.9259,0.3716,0,0.009,-0.3719,0.9282,0,0,0.0744,0,1]},
{"frame":10,"values":[0.9992,0.0409,0,0,-0.0409,0.9991,-0.0126,0,-0.0005,0.0126,0.9999,0,0,0.0744,0,1]},
{"frame":11,"values":[0.9992,0.0409,0,0,-0.0409,0.9991,-0.0126,0,-0.0005,0.0126,0.9999,0,0,0.0744,0,1]}],"loopBehavior":1,"name":"anim","property":"_matrix"}},
{"name":"mixamorig:RightHandIndex2","index":20,"matrix":[1,0,0,0,0,1,0.0001,0,0,-0.0001,1,0,0,0.021,0,1],"rest":[1,0,0,0,0,1,0.0001,0,0,-0.0001,1,0,0,0.021,0,1],"parentBoneIndex":19,"length":1
,"animation":{"dataType":3,"framePerSecond":24,"keys":[
{"frame":0,"values":[0.9976,0.0692,0.0093,0,-0.0698,0.9893,0.1285,0,-0.0003,-0.1288,0.9917,0,0,0.021,0,1]},
{"frame":1,"values":[0.9976,0.0692,0.0093,0,-0.0698,0.9893,0.1285,0,-0.0003,-0.1288,0.9917,0,0,0.021,0,1]},
{"frame":10,"values":[1,0,0,0,0,1,0.0001,0,0,-0.0001,1,0,0,0.021,0,1]},
{"frame":11,"values":[1,0,0,0,0,1,0.0001,0,0,-0.0001,1,0,0,0.021,0,1]}],"loopBehavior":1,"name":"anim","property":"_matrix"}},
{"name":"mixamorig:RightHandIndex3","index":21,"matrix":[1,0,0,0,0,1,0,0,0,0,1,0,0.0013,0.0277,0.0014,1],"rest":[1,0,0,0,0,1,0,0,0,0,1,0,0.0013,0.0277,0.0014,1],"parentBoneIndex":20,"length":1
,"animation":{"dataType":3,"framePerSecond":24,"keys":[
{"frame":0,"values":[0.9957,0.0843,0.0384,0,-0.0919,0.9514,0.2938,0,-0.0118,-0.2961,0.9551,0,0.0013,0.0277,0.0014,1]},
{"frame":1,"values":[0.9957,0.0843,0.0384,0,-0.0919,0.9514,0.2938,0,-0.0118,-0.2961,0.9551,0,0.0013,0.0277,0.0014,1]},
{"frame":10,"values":[1,0,0,0,0,1,0,0,0,0,1,0,0.0013,0.0277,0.0014,1]},
{"frame":11,"values":[1,0,0,0,0,1,0,0,0,0,1,0,0.0013,0.0277,0.0014,1]}],"loopBehavior":1,"name":"anim","property":"_matrix"}},
{"name":"mixamorig:RightHandIndex4","index":22,"matrix":[1,0,0,0,0,1,0,0,0,0,1,0,0.002,0.0193,0.0003,1],"rest":[1,0,0,0,0,1,0,0,0,0,1,0,0.002,0.0193,0.0003,1],"parentBoneIndex":21,"length":1
,"animation":{"dataType":3,"framePerSecond":24,"keys":[
{"frame":0,"values":[1,0,0,0,0,1,0,0,0,0,1,0,0.002,0.0193,0.0003,1]},
{"frame":1,"values":[1,0,0,0,0,1,0,0,0,0,1,0,0.002,0.0193,0.0003,1]},
{"frame":10,"values":[1,0,0,0,0,1,0,0,0,0,1,0,0.002,0.0193,0.0003,1]},
{"frame":11,"values":[1,0,0,0,0,1,0,0,0,0,1,0,0.002,0.0193,0.0003,1]}],"loopBehavior":1,"name":"anim","property":"_matrix"}},
{"name":"mixamorig:LeftUpLeg","index":23,"matrix":[-0.9994,-0.0089,0.0035,0,0.0088,-0.9999,-0.0114,0,0.0021,-0.0114,0.9989,0,0.0609,-0.0476,-0.0035,1],"rest":[-1,-0.0088,0.002,0,0.0088,-0.9999,-0.0114,0,0.0021,-0.0114,0.9999,0,0.0609,-0.0476,-0.0035,1],"parentBoneIndex":0,"length":0.4527
,"animation":{"dataType":3,"framePerSecond":24,"keys":[
{"frame":0,"values":[-0.968,-0.2015,0.1483,0,0.2263,-0.9575,0.179,0,0.1044,0.2071,0.9713,0,0.0609,-0.0476,-0.0035,1]},
{"frame":1,"values":[-0.968,-0.2015,0.1483,0,0.2263,-0.9575,0.179,0,0.1044,0.2071,0.9713,0,0.0609,-0.0476,-0.0035,1]},
{"frame":10,"values":[-0.9994,-0.0089,0.0035,0,0.0088,-0.9999,-0.0114,0,0.0021,-0.0114,0.9989,0,0.0609,-0.0476,-0.0035,1]},
{"frame":11,"values":[-0.9994,-0.0089,0.0035,0,0.0088,-0.9999,-0.0114,0,0.0021,-0.0114,0.9989,0,0.0609,-0.0476,-0.0035,1]}],"loopBehavior":1,"name":"anim","property":"_matrix"}},
{"name":"mixamorig:LeftLeg","index":24,"matrix":[0.9999,-0.0111,-0.0014,0,0.0111,0.9999,0,0,0.0014,0,1,0,0,0.4527,0,1],"rest":[0.9999,-0.0111,-0.0014,0,0.0111,0.9999,0,0,0.0014,0,1,0,0,0.4527,0,1],"parentBoneIndex":23,"length":0.3817
,"animation":{"dataType":3,"framePerSecond":24,"keys":[
{"frame":0,"values":[0.9913,0.0533,0.1204,0,0.0232,0.8297,-0.5582,0,-0.1296,0.5558,0.8208,0,0,0.4527,0,1]},
{"frame":1,"values":[0.9913,0.0533,0.1204,0,0.0232,0.8297,-0.5582,0,-0.1296,0.5558,0.8208,0,0,0.4527,0,1]},
{"frame":10,"values":[0.9999,-0.0111,-0.0014,0,0.0111,0.9999,0,0,0.0014,0,1,0,0,0.4527,0,1]},
{"frame":11,"values":[0.9999,-0.0111,-0.0014,0,0.0111,0.9999,0,0,0.0014,0,1,0,0,0.4527,0,1]}],"loopBehavior":1,"name":"anim","property":"_matrix"}},
{"name":"mixamorig:LeftFoot","index":25,"matrix":[0.9992,0.0001,0.0411,0,-0.0388,0.3373,0.9406,0,-0.0138,-0.9414,0.337,0,0,0.3817,0,1],"rest":[0.9992,0.0001,0.0412,0,-0.0388,0.3376,0.9405,0,-0.0138,-0.9413,0.3373,0,0,0.3817,0,1],"parentBoneIndex":24,"length":0.1236
,"animation":{"dataType":3,"framePerSecond":24,"keys":[
{"frame":0,"values":[0.9979,-0.0544,0.0345,0,-0.034,0.0086,0.9994,0,-0.0547,-0.9985,0.0067,0,0,0.3817,0,1]},
{"frame":1,"values":[0.9979,-0.0544,0.0345,0,-0.034,0.0086,0.9994,0,-0.0547,-0.9985,0.0067,0,0,0.3817,0,1]},
{"frame":10,"values":[0.9992,0.0001,0.0411,0,-0.0388,0.3373,0.9406,0,-0.0138,-0.9414,0.337,0,0,0.3817,0,1]},
{"frame":11,"values":[0.9992,0.0001,0.0411,0,-0.0388,0.3373,0.9406,0,-0.0138,-0.9414,0.337,0,0,0.3817,0,1]}],"loopBehavior":1,"name":"anim","property":"_matrix"}},
{"name":"mixamorig:LeftToeBase","index":26,"matrix":[0.9988,-0.0486,-0.0003,0,0.0455,0.934,0.3542,0,-0.0169,-0.3538,0.9352,0,0,0.1237,0,1],"rest":[0.9988,-0.0487,0,0,0.0456,0.9339,0.3546,0,-0.0169,-0.3539,0.9343,0,0,0.1236,0,1],"parentBoneIndex":25,"length":0.0586
,"animation":{"dataType":3,"framePerSecond":24,"keys":[
{"frame":0,"values":[0.9989,-0.0484,-0.0002,0,0.0455,0.9369,0.3466,0,-0.0166,-0.3462,0.938,0,0,0.1237,0,1]},
{"frame":1,"values":[0.9989,-0.0484,-0.0002,0,0.0455,0.9369,0.3466,0,-0.0166,-0.3462,0.938,0,0,0.1237,0,1]},
{"frame":10,"values":[0.9988,-0.0486,-0.0003,0,0.0455,0.934,0.3542,0,-0.0169,-0.3538,0.9352,0,0,0.1237,0,1]},
{"frame":11,"values":[0.9988,-0.0486,-0.0003,0,0.0455,0.934,0.3542,0,-0.0169,-0.3538,0.9352,0,0,0.1237,0,1]}],"loopBehavior":1,"name":"anim","property":"_matrix"}},
{"name":"mixamorig:LeftToe_End","index":27,"matrix":[1,0,0.0004,0,0,1,0,0,-0.0004,0,1,0,0,0.0586,0,1],"rest":[1.0001,0,-0.0003,0,0,1,0,0,-0.0004,0,1.0012,0,0,0.0586,0,1],"parentBoneIndex":26,"length":0.9997
,"animation":{"dataType":3,"framePerSecond":24,"keys":[
{"frame":0,"values":[1,0,0.0004,0,0,1,0,0,-0.0004,0,1,0,0,0.0586,0,1]},
{"frame":1,"values":[1,0,0.0004,0,0,1,0,0,-0.0004,0,1,0,0,0.0586,0,1]},
{"frame":10,"values":[1,0,0.0004,0,0,1,0,0,-0.0004,0,1,0,0,0.0586,0,1]},
{"frame":11,"values":[1,0,0.0004,0,0,1,0,0,-0.0004,0,1,0,0,0.0586,0,1]}],"loopBehavior":1,"name":"anim","property":"_matrix"}},
{"name":"mixamorig:RightUpLeg","index":28,"matrix":[-0.9998,0.0088,-0.0013,0,-0.0088,-0.9999,-0.007,0,-0.0012,-0.007,0.9999,0,-0.0609,-0.0476,-0.0054,1],"rest":[-1,0.0088,-0.0012,0,-0.0088,-0.9999,-0.007,0,-0.0012,-0.007,1,0,-0.0609,-0.0476,-0.0054,1],"parentBoneIndex":0,"length":0.4527
,"animation":{"dataType":3,"framePerSecond":24,"keys":[
{"frame":0,"values":[-0.9731,-0.182,-0.1395,0,0.1773,-0.9831,0.0459,0,-0.1454,0.0199,0.9892,0,-0.0609,-0.0476,-0.0054,1]},
{"frame":1,"values":[-0.9731,-0.182,-0.1395,0,0.1773,-0.9831,0.0459,0,-0.1454,0.0199,0.9892,0,-0.0609,-0.0476,-0.0054,1]},
{"frame":10,"values":[-0.9998,0.0088,-0.0013,0,-0.0088,-0.9999,-0.007,0,-0.0012,-0.007,0.9999,0,-0.0609,-0.0476,-0.0054,1]},
{"frame":11,"values":[-0.9998,0.0088,-0.0013,0,-0.0088,-0.9999,-0.007,0,-0.0012,-0.007,0.9999,0,-0.0609,-0.0476,-0.0054,1]}],"loopBehavior":1,"name":"anim","property":"_matrix"}},
{"name":"mixamorig:RightLeg","index":29,"matrix":[0.9999,0.0111,0.008,0,-0.0111,0.9999,-0.0029,0,-0.008,0.0028,1,0,0,0.4527,0,1],"rest":[0.9999,0.0111,0.008,0,-0.0111,0.9999,-0.0029,0,-0.008,0.0028,1,0,0,0.4527,0,1],"parentBoneIndex":28,"length":0.3817
,"animation":{"dataType":3,"framePerSecond":24,"keys":[
{"frame":0,"values":[0.9957,-0.0074,-0.0926,0,-0.0257,0.936,-0.3509,0,0.0893,0.3518,0.9319,0,0,0.4527,0,1]},
{"frame":1,"values":[0.9957,-0.0074,-0.0926,0,-0.0257,0.936,-0.3509,0,0.0893,0.3518,0.9319,0,0,0.4527,0,1]},
{"frame":10,"values":[0.9999,0.0111,0.008,0,-0.0111,0.9999,-0.0029,0,-0.008,0.0028,1,0,0,0.4527,0,1]},
{"frame":11,"values":[0.9999,0.0111,0.008,0,-0.0111,0.9999,-0.0029,0,-0.008,0.0028,1,0,0,0.4527,0,1]}],"loopBehavior":1,"name":"anim","property":"_matrix"}},
{"name":"mixamorig:RightFoot","index":30,"matrix":[0.9987,0,-0.0512,0,0.0478,0.3564,0.9331,0,0.0182,-0.9344,0.3559,0,0,0.3817,0,1],"rest":[0.9987,0,-0.0512,0,0.0478,0.3564,0.9331,0,0.0182,-0.9343,0.3559,0,0,0.3817,0,1],"parentBoneIndex":29,"length":0.1176
,"animation":{"dataType":3,"framePerSecond":24,"keys":[
{"frame":0,"values":[0.9998,-0.0206,-0.0039,0,0.0064,0.1228,0.9924,0,-0.0199,-0.9922,0.1229,0,0,0.3817,0,1]},
{"frame":1,"values":[0.9998,-0.0206,-0.0039,0,0.0064,0.1228,0.9924,0,-0.0199,-0.9922,0.1229,0,0,0.3817,0,1]},
{"frame":10,"values":[0.9987,0,-0.0512,0,0.0478,0.3564,0.9331,0,0.0182,-0.9344,0.3559,0,0,0.3817,0,1]},
{"frame":11,"values":[0.9987,0,-0.0512,0,0.0478,0.3564,0.9331,0,0.0182,-0.9344,0.3559,0,0,0.3817,0,1]}],"loopBehavior":1,"name":"anim","property":"_matrix"}},
{"name":"mixamorig:RightToeBase","index":31,"matrix":[0.9986,0.0521,-0.0007,0,-0.0481,0.9271,0.3718,0,0.02,-0.3712,0.9283,0,0,0.1177,0,1],"rest":[0.9986,0.0521,-0.0007,0,-0.0481,0.9271,0.3718,0,0.02,-0.3713,0.9283,0,0,0.1176,0,1],"parentBoneIndex":30,"length":0.0584
,"animation":{"dataType":3,"framePerSecond":24,"keys":[
{"frame":0,"values":[0.9986,0.0518,-0.0007,0,-0.048,0.9309,0.3621,0,0.0194,-0.3616,0.9321,0,0,0.1177,0,1]},
{"frame":1,"values":[0.9986,0.0518,-0.0007,0,-0.048,0.9309,0.3621,0,0.0194,-0.3616,0.9321,0,0,0.1177,0,1]},
{"frame":10,"values":[0.9986,0.0521,-0.0007,0,-0.0481,0.9271,0.3718,0,0.02,-0.3712,0.9283,0,0,0.1177,0,1]},
{"frame":11,"values":[0.9986,0.0521,-0.0007,0,-0.0481,0.9271,0.3718,0,0.02,-0.3712,0.9283,0,0,0.1177,0,1]}],"loopBehavior":1,"name":"anim","property":"_matrix"}},
{"name":"mixamorig:RightToe_End","index":32,"matrix":[1,0,0.0007,0,0,1,0,0,-0.0007,0,1,0,0,0.0584,0,1],"rest":[1,0,0.0007,0,0,1,0,0,-0.0007,0,1,0,0,0.0584,0,1],"parentBoneIndex":31,"length":1
,"animation":{"dataType":3,"framePerSecond":24,"keys":[
{"frame":0,"values":[1,-0.0004,0.0008,0,0.0005,0.9998,-0.0185,0,-0.0008,0.0185,0.9998,0,0,0.0584,0,1]},
{"frame":1,"values":[1,-0.0004,0.0008,0,0.0005,0.9998,-0.0185,0,-0.0008,0.0185,0.9998,0,0,0.0584,0,1]},
{"frame":10,"values":[1,0,0.0007,0,0,1,0,0,-0.0007,0,1,0,0,0.0584,0,1]},
{"frame":11,"values":[1,0,0.0007,0,0,1,0,0,-0.0007,0,1,0,0,0.0584,0,1]}],"loopBehavior":1,"name":"anim","property":"_matrix"}}]
,"ranges":[{"name":"Idle","from":0,"to":1},{"name":"Rest","from":10,"to":11}]}],
"meshes":[{"name":"avatar","id":"avatar","billboardMode":0,"position":[0,0,0],"rotation":[0,0,0],"scaling":[1,1,1],"isVisible":true,"freezeWorldMatrix":false,"isEnabled":true,"checkCollisions":false,"receiveShadows":false,"pickable":true,"tags":"","skeletonId":0,"numBoneInfluencers":5
,"positions":[0.084,1.365,-0.0327,0.1192,1.3658,-0.0144,0.0891,1.3709,-0.0144,0.1141,1.36,-0.0327,0.059,1.3759,-0.0144,0.0539,1.3701,-0.0327,0.0898,1.3726,-0.009,0.12,1.3676,-0.009,0.0597,1.3776,-0.009,0.1211,1.3694,0.0026,0.091,1.3745,0.0026,0.0608,1.3795,0.0026,0.12,1.3694,0.0228,0.0898,1.3745,0.0228,0.0597,1.3795,0.0228,0.1125,1.3676,0.0375,0.0824,1.3726,0.0375
,0.0523,1.3776,0.0375,0.0087,1.3776,-0.0327,0.0288,1.381,-0.0144,0.0138,1.3835,-0.0144,0.0238,1.3751,-0.0327,-0.0013,1.3843,-0.0144,-0.0016,1.3785,-0.0327,0.0296,1.3827,-0.009,0.0146,1.3852,-0.009,-0.0005,1.3861,-0.009,0.0157,1.3871,0.0026,0.0307,1.3846,0.0026,0.0006,1.3879,0.0026,0.0296,1.3846,0.0228,0.0146,1.3871,0.0228,-0.0005,1.3879,0.0228,0.0222,1.3827,0.0375
,0.0072,1.3852,0.0375,-0.0016,1.3861,0.0365,0.0388,1.3726,-0.0327,0.0439,1.3784,-0.0144,0.0447,1.3802,-0.009,0.0458,1.382,0.0026,0.0447,1.382,0.0228,0.0373,1.3802,0.0375,0.0742,1.3343,-0.0594,0.0619,1.3374,-0.0598,0.0337,1.339,-0.065,-0.0016,1.3384,-0.07,0.0997,1.3293,-0.0594,0.0912,1.2936,-0.0702,0.073,1.2953,-0.0719,0.1089,1.3423,-0.0488,0.0885,1.2278,-0.0813
,0.0618,1.2054,-0.0924,0.0471,1.2931,-0.0766,-0.0016,1.1988,-0.1011,-0.1223,1.3658,-0.0144,-0.0871,1.365,-0.0327,-0.0922,1.3709,-0.0144,-0.1172,1.36,-0.0327,-0.0621,1.3759,-0.0144,-0.057,1.3701,-0.0327,-0.093,1.3726,-0.009,-0.1231,1.3676,-0.009,-0.0629,1.3776,-0.009,-0.1242,1.3694,0.0026,-0.0941,1.3745,0.0026,-0.064,1.3795,0.0026,-0.093,1.3745,0.0228,-0.1231,1.3694,0.0228
,-0.0629,1.3795,0.0228,-0.0856,1.3726,0.0375,-0.1157,1.3676,0.0375,-0.0554,1.3776,0.0375,-0.032,1.381,-0.0144,-0.0118,1.3776,-0.0327,-0.0169,1.3835,-0.0144,-0.0269,1.3751,-0.0327,-0.0019,1.3843,-0.0144,-0.0328,1.3827,-0.009,-0.0177,1.3852,-0.009,-0.0026,1.3861,-0.009,-0.0188,1.3871,0.0026,-0.0339,1.3846,0.0026,-0.0038,1.3879,0.0026,-0.0177,1.3871,0.0228,-0.0328,1.3846,0.0228
,-0.0026,1.3879,0.0228,-0.0103,1.3852,0.0375,-0.0253,1.3827,0.0375,-0.0016,1.3861,0.0365,-0.0419,1.3726,-0.0327,-0.047,1.3784,-0.0144,-0.0478,1.3802,-0.009,-0.0489,1.382,0.0026,-0.0478,1.382,0.0228,-0.0404,1.3802,0.0375,-0.0774,1.3343,-0.0594,-0.065,1.3374,-0.0598,-0.0368,1.339,-0.065,-0.1029,1.3293,-0.0594,-0.0943,1.2936,-0.0702,-0.0761,1.2953,-0.0719,-0.1121,1.3423,-0.0488
,-0.0916,1.2278,-0.0813,-0.0649,1.2054,-0.0924,-0.0503,1.2931,-0.0766,-0.0012,1.4345,0.0045,0.002,1.4344,-0.0115,-0.0012,1.4344,-0.0118,0.0051,1.4347,-0.027,-0.0012,1.4347,-0.0276,0.0079,1.4356,-0.0412,-0.0012,1.4356,-0.0421,0.0104,1.4818,-0.0537,-0.0012,1.4818,-0.0548,0.0124,1.5274,-0.0639,-0.0012,1.5274,-0.0652,0.0139,1.5679,-0.0715,-0.0012,1.5679,-0.073,0.0149,1.6006,-0.0762
,-0.0012,1.6006,-0.0778,0.0152,1.6219,-0.0778,-0.0012,1.6219,-0.0794,-0.0012,1.6424,-0.0778,0.0149,1.6424,-0.0762,-0.0012,1.6622,-0.073,0.0139,1.6622,-0.0715,-0.0012,1.6804,-0.0652,0.0124,1.6804,-0.0639,-0.0012,1.6964,-0.0548,0.0104,1.6964,-0.0537,-0.0012,1.7095,-0.0421,0.0079,1.7095,-0.0412,-0.0012,1.7192,-0.0276,0.0051,1.7192,-0.027,-0.0012,1.7252,-0.0118,0.002,1.7252,-0.0115
,-0.0012,1.7272,0.0045,0.0051,1.7252,-0.0106,0.0111,1.7192,-0.0251,0.0167,1.7095,-0.0385,0.0215,1.6964,-0.0503,0.0255,1.6804,-0.0599,0.0285,1.6622,-0.0671,0.0303,1.6424,-0.0715,0.0309,1.6219,-0.073,0.0303,1.6006,-0.0715,0.0285,1.5679,-0.0671,0.0255,1.5274,-0.0599,0.0215,1.4818,-0.0503,0.0167,1.4356,-0.0385,0.0111,1.4347,-0.0251,0.0051,1.4344,-0.0106,0.0079,1.4344,-0.0091
,0.0167,1.4347,-0.0222,0.0247,1.4356,-0.0342,0.0318,1.4818,-0.0448,0.0376,1.5274,-0.0535,0.0419,1.5679,-0.0599,0.0445,1.6006,-0.0639,0.0454,1.6219,-0.0652,0.0445,1.6424,-0.0639,0.0419,1.6622,-0.0599,0.0376,1.6804,-0.0535,0.0318,1.6964,-0.0448,0.0247,1.7095,-0.0342,0.0167,1.7192,-0.0222,0.0079,1.7252,-0.0091,0.0104,1.7252,-0.007,0.0215,1.7192,-0.0182,0.0318,1.7095,-0.0284
,0.0408,1.6964,-0.0374,0.0482,1.6804,-0.0448,0.0536,1.6622,-0.0503,0.057,1.6424,-0.0537,0.0582,1.6219,-0.0548,0.057,1.6006,-0.0537,0.0536,1.5679,-0.0503,0.0482,1.5274,-0.0448,0.0408,1.4818,-0.0374,0.0318,1.4356,-0.0284,0.0215,1.4347,-0.0182,0.0104,1.4344,-0.007,0.0124,1.4344,-0.0046,0.0255,1.4347,-0.0133,0.0376,1.4356,-0.0214,0.0482,1.4818,-0.0284,0.0568,1.5274,-0.0342
,0.0633,1.5679,-0.0385,0.0673,1.6006,-0.0412,0.0686,1.6219,-0.0421,0.0673,1.6424,-0.0412,0.0633,1.6622,-0.0385,0.0568,1.6804,-0.0342,0.0482,1.6964,-0.0284,0.0376,1.7095,-0.0214,0.0255,1.7192,-0.0133,0.0124,1.7252,-0.0046,0.0139,1.7252,-0.0017,0.0285,1.7192,-0.0077,0.0419,1.7095,-0.0133,0.0536,1.6964,-0.0182,0.0633,1.6804,-0.0222,0.0704,1.6622,-0.0251,0.0749,1.6424,-0.027
,0.0763,1.6219,-0.0276,0.0749,1.6006,-0.027,0.0704,1.5679,-0.0251,0.0633,1.5274,-0.0222,0.0536,1.4818,-0.0182,0.0419,1.4356,-0.0133,0.0285,1.4347,-0.0077,0.0139,1.4344,-0.0017,0.0149,1.4344,0.0013,0.0303,1.4347,-0.0017,0.0445,1.4356,-0.0046,0.057,1.4818,-0.007,0.0673,1.5274,-0.0091,0.0749,1.5679,-0.0106,0.0795,1.6006,-0.0115,0.0811,1.6219,-0.0118,0.0795,1.6424,-0.0115
,0.0749,1.6622,-0.0106,0.0673,1.6804,-0.0091,0.057,1.6964,-0.007,0.0445,1.7095,-0.0046,0.0303,1.7192,-0.0017,0.0149,1.7252,0.0013,0.0152,1.7252,0.0045,0.0309,1.7192,0.0045,0.0454,1.7095,0.0045,0.0582,1.6964,0.0045,0.0686,1.6804,0.0045,0.0763,1.6622,0.0045,0.0811,1.6424,0.0045,0.0827,1.6219,0.0045,0.0811,1.6006,0.0045,0.0763,1.5679,0.0045,0.0686,1.5274,0.0045
,0.0582,1.4818,0.0045,0.0454,1.4356,0.0045,0.0309,1.4347,0.0045,0.0152,1.4344,0.0045,0.0149,1.4344,0.0077,0.0303,1.4347,0.0108,0.0445,1.4356,0.0136,0.057,1.4818,0.0161,0.0673,1.5274,0.0182,0.0749,1.5679,0.0197,0.0795,1.6006,0.0206,0.0811,1.6219,0.0209,0.0795,1.6424,0.0206,0.0749,1.6622,0.0197,0.0673,1.6804,0.0182,0.057,1.6964,0.0161,0.0445,1.7095,0.0136
,0.0303,1.7192,0.0108,0.0149,1.7252,0.0077,0.0139,1.7252,0.0108,0.0285,1.7192,0.0168,0.0419,1.7095,0.0224,0.0536,1.6964,0.0272,0.0633,1.6804,0.0312,0.0704,1.6622,0.0342,0.0749,1.6424,0.036,0.0763,1.6219,0.0367,0.0749,1.6006,0.036,0.0704,1.5679,0.0342,0.0633,1.5274,0.0312,0.0536,1.4818,0.0272,0.0419,1.4356,0.0224,0.0285,1.4347,0.0168,0.0139,1.4344,0.0108
,0.0124,1.4344,0.0136,0.0255,1.4347,0.0224,0.0376,1.4356,0.0304,0.0482,1.4818,0.0375,0.0568,1.5274,0.0433,0.0633,1.5679,0.0476,0.0673,1.6006,0.0503,0.0686,1.6219,0.0512,0.0673,1.6424,0.0503,0.0633,1.6622,0.0476,0.0568,1.6804,0.0433,0.0482,1.6964,0.0375,0.0376,1.7095,0.0304,0.0255,1.7192,0.0224,0.0124,1.7252,0.0136,0.0104,1.7252,0.0161,0.0215,1.7192,0.0272
,0.0318,1.7095,0.0375,0.0408,1.6964,0.0465,0.0482,1.6804,0.0539,0.0536,1.6622,0.0594,0.057,1.6424,0.0627,0.0582,1.6219,0.0639,0.057,1.6006,0.0627,0.0536,1.5679,0.0594,0.0482,1.5274,0.0539,0.0408,1.4818,0.0465,0.0318,1.4356,0.0375,0.0215,1.4347,0.0272,0.0104,1.4344,0.0161,0.0079,1.4344,0.0182,0.0167,1.4347,0.0312,0.0247,1.4356,0.0433,0.0318,1.4818,0.0539
,0.0376,1.5274,0.0626,0.0419,1.5679,0.069,0.0445,1.6006,0.073,0.0454,1.6219,0.0743,0.0445,1.6424,0.073,0.0419,1.6622,0.069,0.0376,1.6804,0.0626,0.0318,1.6964,0.0539,0.0247,1.7095,0.0433,0.0167,1.7192,0.0312,0.0079,1.7252,0.0182,0.0051,1.7252,0.0197,0.0111,1.7192,0.0342,0.0167,1.7095,0.0476,0.0215,1.6964,0.0594,0.0255,1.6804,0.069,0.0285,1.6622,0.0762
,0.0303,1.6424,0.0806,0.0309,1.6219,0.0821,0.0303,1.6006,0.0806,0.0285,1.5679,0.0762,0.0255,1.5274,0.069,0.0215,1.4818,0.0594,0.0167,1.4356,0.0476,0.0111,1.4347,0.0342,0.0051,1.4344,0.0197,0.002,1.4344,0.0206,0.0051,1.4347,0.036,0.0079,1.4356,0.0503,0.0104,1.4818,0.0627,0.0124,1.5274,0.073,0.0139,1.5679,0.0806,0.0149,1.6006,0.0853,0.0152,1.6219,0.0868
,0.0149,1.6424,0.0853,0.0139,1.6622,0.0806,0.0124,1.6804,0.073,0.0104,1.6964,0.0627,0.0079,1.7095,0.0503,0.0051,1.7192,0.036,0.002,1.7252,0.0206,-0.0012,1.7252,0.0209,-0.0012,1.7192,0.0367,-0.0012,1.7095,0.0512,-0.0012,1.6964,0.0639,-0.0012,1.6804,0.0743,-0.0012,1.6622,0.0821,-0.0012,1.6424,0.0868,-0.0012,1.6219,0.0885,-0.0012,1.6006,0.0868,-0.0012,1.5679,0.0821
,-0.0012,1.5274,0.0743,-0.0012,1.4818,0.0639,-0.0012,1.4356,0.0512,-0.0012,1.4347,0.0367,-0.0012,1.4344,0.0209,-0.0012,1.4344,0.0209,-0.0012,1.4345,0.0045,-0.0044,1.4344,0.0206,-0.0074,1.4347,0.036,-0.0012,1.4347,0.0367,-0.0103,1.4356,0.0503,-0.0012,1.4356,0.0512,-0.0128,1.4818,0.0627,-0.0012,1.4818,0.0639,-0.0148,1.5274,0.073,-0.0012,1.5274,0.0743,-0.0163,1.5679,0.0806
,-0.0012,1.5679,0.0821,-0.0172,1.6006,0.0853,-0.0012,1.6006,0.0868,-0.0175,1.6219,0.0868,-0.0012,1.6219,0.0885,-0.0012,1.6424,0.0868,-0.0172,1.6424,0.0853,-0.0012,1.6622,0.0821,-0.0163,1.6622,0.0806,-0.0012,1.6804,0.0743,-0.0148,1.6804,0.073,-0.0012,1.6964,0.0639,-0.0128,1.6964,0.0627,-0.0012,1.7095,0.0512,-0.0103,1.7095,0.0503,-0.0012,1.7192,0.0367,-0.0074,1.7192,0.036
,-0.0012,1.7252,0.0209,-0.0044,1.7252,0.0206,-0.0074,1.7252,0.0197,-0.0135,1.7192,0.0342,-0.019,1.7095,0.0476,-0.0239,1.6964,0.0594,-0.0279,1.6804,0.069,-0.0308,1.6622,0.0762,-0.0327,1.6424,0.0806,-0.0333,1.6219,0.0821,-0.0327,1.6006,0.0806,-0.0308,1.5679,0.0762,-0.0279,1.5274,0.069,-0.0239,1.4818,0.0594,-0.019,1.4356,0.0476,-0.0135,1.4347,0.0342,-0.0074,1.4344,0.0197
,-0.0103,1.4344,0.0182,-0.019,1.4347,0.0312,-0.0271,1.4356,0.0433,-0.0341,1.4818,0.0539,-0.0399,1.5274,0.0626,-0.0442,1.5679,0.069,-0.0469,1.6006,0.073,-0.0478,1.6219,0.0743,-0.0469,1.6424,0.073,-0.0442,1.6622,0.069,-0.0399,1.6804,0.0626,-0.0341,1.6964,0.0539,-0.0271,1.7095,0.0433,-0.019,1.7192,0.0312,-0.0103,1.7252,0.0182,-0.0128,1.7252,0.0161,-0.0239,1.7192,0.0272
,-0.0341,1.7095,0.0375,-0.0431,1.6964,0.0465,-0.0505,1.6804,0.0539,-0.056,1.6622,0.0594,-0.0594,1.6424,0.0627,-0.0605,1.6219,0.0639,-0.0594,1.6006,0.0627,-0.056,1.5679,0.0594,-0.0505,1.5274,0.0539,-0.0431,1.4818,0.0465,-0.0341,1.4356,0.0375,-0.0239,1.4347,0.0272,-0.0128,1.4344,0.0161,-0.0148,1.4344,0.0136,-0.0279,1.4347,0.0224,-0.0399,1.4356,0.0304,-0.0505,1.4818,0.0375
,-0.0592,1.5274,0.0433,-0.0656,1.5679,0.0476,-0.0696,1.6006,0.0503,-0.0709,1.6219,0.0512,-0.0696,1.6424,0.0503,-0.0656,1.6622,0.0476,-0.0592,1.6804,0.0433,-0.0505,1.6964,0.0375,-0.0399,1.7095,0.0304,-0.0279,1.7192,0.0224,-0.0148,1.7252,0.0136,-0.0163,1.7252,0.0108,-0.0308,1.7192,0.0168,-0.0442,1.7095,0.0224,-0.056,1.6964,0.0272,-0.0656,1.6804,0.0312,-0.0728,1.6622,0.0342
,-0.0772,1.6424,0.036,-0.0787,1.6219,0.0367,-0.0772,1.6006,0.036,-0.0728,1.5679,0.0342,-0.0656,1.5274,0.0312,-0.056,1.4818,0.0272,-0.0442,1.4356,0.0224,-0.0308,1.4347,0.0168,-0.0163,1.4344,0.0108,-0.0172,1.4344,0.0077,-0.0327,1.4347,0.0108,-0.0469,1.4356,0.0136,-0.0594,1.4818,0.0161,-0.0696,1.5274,0.0182,-0.0772,1.5679,0.0197,-0.0819,1.6006,0.0206,-0.0835,1.6219,0.0209
,-0.0819,1.6424,0.0206,-0.0772,1.6622,0.0197,-0.0696,1.6804,0.0182,-0.0594,1.6964,0.0161,-0.0469,1.7095,0.0136,-0.0327,1.7192,0.0108,-0.0172,1.7252,0.0077,-0.0175,1.7252,0.0045,-0.0333,1.7192,0.0045,-0.0478,1.7095,0.0045,-0.0605,1.6964,0.0045,-0.0709,1.6804,0.0045,-0.0787,1.6622,0.0045,-0.0835,1.6424,0.0045,-0.0851,1.6219,0.0045,-0.0835,1.6006,0.0045,-0.0787,1.5679,0.0045
,-0.0709,1.5274,0.0045,-0.0605,1.4818,0.0045,-0.0478,1.4356,0.0045,-0.0333,1.4347,0.0045,-0.0175,1.4344,0.0045,-0.0172,1.4344,0.0013,-0.0327,1.4347,-0.0017,-0.0469,1.4356,-0.0046,-0.0594,1.4818,-0.007,-0.0696,1.5274,-0.0091,-0.0772,1.5679,-0.0106,-0.0819,1.6006,-0.0115,-0.0835,1.6219,-0.0118,-0.0819,1.6424,-0.0115,-0.0772,1.6622,-0.0106,-0.0696,1.6804,-0.0091,-0.0594,1.6964,-0.007
,-0.0469,1.7095,-0.0046,-0.0327,1.7192,-0.0017,-0.0172,1.7252,0.0013,-0.0163,1.7252,-0.0017,-0.0308,1.7192,-0.0077,-0.0442,1.7095,-0.0133,-0.056,1.6964,-0.0182,-0.0656,1.6804,-0.0222,-0.0728,1.6622,-0.0251,-0.0772,1.6424,-0.027,-0.0787,1.6219,-0.0276,-0.0772,1.6006,-0.027,-0.0728,1.5679,-0.0251,-0.0656,1.5274,-0.0222,-0.056,1.4818,-0.0182,-0.0442,1.4356,-0.0133,-0.0308,1.4347,-0.0077
,-0.0163,1.4344,-0.0017,-0.0148,1.4344,-0.0046,-0.0279,1.4347,-0.0133,-0.0399,1.4356,-0.0214,-0.0505,1.4818,-0.0284,-0.0592,1.5274,-0.0342,-0.0656,1.5679,-0.0385,-0.0696,1.6006,-0.0412,-0.0709,1.6219,-0.0421,-0.0696,1.6424,-0.0412,-0.0656,1.6622,-0.0385,-0.0592,1.6804,-0.0342,-0.0505,1.6964,-0.0284,-0.0399,1.7095,-0.0214,-0.0279,1.7192,-0.0133,-0.0148,1.7252,-0.0046,-0.0128,1.7252,-0.007
,-0.0239,1.7192,-0.0182,-0.0341,1.7095,-0.0284,-0.0431,1.6964,-0.0374,-0.0505,1.6804,-0.0448,-0.056,1.6622,-0.0503,-0.0594,1.6424,-0.0537,-0.0605,1.6219,-0.0548,-0.0594,1.6006,-0.0537,-0.056,1.5679,-0.0503,-0.0505,1.5274,-0.0448,-0.0431,1.4818,-0.0374,-0.0341,1.4356,-0.0284,-0.0239,1.4347,-0.0182,-0.0128,1.4344,-0.007,-0.0103,1.4344,-0.0091,-0.019,1.4347,-0.0222,-0.0271,1.4356,-0.0342
,-0.0341,1.4818,-0.0448,-0.0399,1.5274,-0.0535,-0.0442,1.5679,-0.0599,-0.0469,1.6006,-0.0639,-0.0478,1.6219,-0.0652,-0.0469,1.6424,-0.0639,-0.0442,1.6622,-0.0599,-0.0399,1.6804,-0.0535,-0.0341,1.6964,-0.0448,-0.0271,1.7095,-0.0342,-0.019,1.7192,-0.0222,-0.0103,1.7252,-0.0091,-0.0074,1.7252,-0.0106,-0.0135,1.7192,-0.0251,-0.019,1.7095,-0.0385,-0.0239,1.6964,-0.0503,-0.0279,1.6804,-0.0599
,-0.0308,1.6622,-0.0671,-0.0327,1.6424,-0.0715,-0.0333,1.6219,-0.073,-0.0327,1.6006,-0.0715,-0.0308,1.5679,-0.0671,-0.0279,1.5274,-0.0599,-0.0239,1.4818,-0.0503,-0.019,1.4356,-0.0385,-0.0135,1.4347,-0.0251,-0.0074,1.4344,-0.0106,-0.0044,1.4344,-0.0115,-0.0074,1.4347,-0.027,-0.0103,1.4356,-0.0412,-0.0128,1.4818,-0.0537,-0.0148,1.5274,-0.0639,-0.0163,1.5679,-0.0715,-0.0172,1.6006,-0.0762
,-0.0175,1.6219,-0.0778,-0.0172,1.6424,-0.0762,-0.0163,1.6622,-0.0715,-0.0148,1.6804,-0.0639,-0.0128,1.6964,-0.0537,-0.0103,1.7095,-0.0412,-0.0074,1.7192,-0.027,-0.0044,1.7252,-0.0115,-0.0012,1.4347,-0.0276,-0.0012,1.4344,-0.0118,-0.0016,1.366,0.0045,0.0001,1.3668,-0.0038,-0.0016,1.3668,-0.004,0.0017,1.3693,-0.0119,-0.0016,1.3693,-0.0122,0.0032,1.3734,-0.0193,-0.0016,1.3734,-0.0197
,0.0045,1.3788,-0.0258,-0.0016,1.3788,-0.0263,0.0055,1.3854,-0.0311,-0.0016,1.3854,-0.0318,0.0063,1.393,-0.035,-0.0016,1.393,-0.0358,0.0068,1.4012,-0.0375,-0.0016,1.4012,-0.0383,0.007,1.4097,-0.0383,-0.0016,1.4097,-0.0391,-0.0016,1.4182,-0.0383,0.007,1.4097,-0.0383,0.0068,1.4182,-0.0375,-0.0016,1.4097,-0.0391,-0.0016,1.4264,-0.0358,0.0063,1.4264,-0.035,-0.0016,1.4339,-0.0318
,0.0055,1.4339,-0.0311,-0.0016,1.4406,-0.0263,0.0045,1.4406,-0.0258,-0.0016,1.446,-0.0197,0.0032,1.446,-0.0193,-0.0016,1.45,-0.0122,0.0017,1.45,-0.0119,-0.0016,1.4525,-0.004,0.0001,1.4525,-0.0038,-0.0016,1.4534,0.0045,0.0017,1.4525,-0.0033,0.0048,1.45,-0.0109,0.0077,1.446,-0.0179,0.0103,1.4406,-0.024,0.0123,1.4339,-0.029,0.0139,1.4264,-0.0327,0.0148,1.4182,-0.035
,0.0152,1.4097,-0.0358,0.0152,1.4097,-0.0358,0.0148,1.4012,-0.035,0.0139,1.393,-0.0327,0.0123,1.3854,-0.029,0.0103,1.3788,-0.024,0.0077,1.3734,-0.0179,0.0048,1.3693,-0.0109,0.0017,1.3668,-0.0033,0.0032,1.3668,-0.0025,0.0077,1.3693,-0.0094,0.0119,1.3734,-0.0156,0.0156,1.3788,-0.0211,0.0186,1.3854,-0.0257,0.0209,1.393,-0.029,0.0223,1.4012,-0.0311,0.0227,1.4097,-0.0318
,0.0227,1.4097,-0.0318,0.0223,1.4182,-0.0311,0.0209,1.4264,-0.029,0.0186,1.4339,-0.0257,0.0156,1.4406,-0.0211,0.0119,1.446,-0.0156,0.0077,1.45,-0.0094,0.0032,1.4525,-0.0025,0.0045,1.4525,-0.0015,0.0103,1.45,-0.0073,0.0156,1.446,-0.0126,0.0203,1.4406,-0.0173,0.0241,1.4339,-0.0211,0.027,1.4264,-0.024,0.0287,1.4182,-0.0258,0.0293,1.4097,-0.0263,0.0293,1.4097,-0.0263
,0.0287,1.4012,-0.0258,0.027,1.393,-0.024,0.0241,1.3854,-0.0211,0.0203,1.3788,-0.0173,0.0156,1.3734,-0.0126,0.0103,1.3693,-0.0073,0.0045,1.3668,-0.0015,0.0055,1.3668,-0.0002,0.0123,1.3693,-0.0047,0.0186,1.3734,-0.0089,0.0241,1.3788,-0.0126,0.0286,1.3854,-0.0156,0.032,1.393,-0.0179,0.0341,1.4012,-0.0193,0.0348,1.4097,-0.0197,0.0348,1.4097,-0.0197,0.0341,1.4182,-0.0193
