{"producer":{"name":"Blender","version":"2.81 (sub 16)","exporter_version":"6.4.1","file":"mixamo.babylon"},
"autoClear":true,"clearColor":[0.0509,0.0509,0.0509],"gravity":[0,-9.81,0],
"materials":[{"name":"Material","id":"Material","customType":"BABYLON.PBRMaterial","backFaceCulling":true,"checkReadyOnlyOnce":false,"maxSimultaneousLights":4,"environmentIntensity":1,"albedo":[0.8,0.8,0.8],"reflectivity":[0.5,0.5,0.5],"roughness":0.4,"alpha":1,"transparencyMode":0,"alphaCutOff":0.4,"metallic":0}],
"multiMaterials":[],
"skeletons":[{"name":"Armature","id":0,"dimensionsAtRest":[61.268,502.9752,460.4221],"bones":[
{"name":"mixamorig:Hips","index":0,"matrix":[1,0.0001,0,0,-0.0001,1,0,0,0,0,-1,0,-0.0016,245.9996,0.3406,1],"rest":[0,0,1,0,0,1,0,0,1,0,0,0,0.4746,246.1056,0.4715,1],"parentBoneIndex":-1,"length":32.8849
,"animation":{"dataType":3,"framePerSecond":30,"keys":[
{"frame":1,"values":[0.554,-0.1111,0.8251,0,0.0752,0.9937,0.0834,0,0.8291,-0.0158,-0.5588,0,3.0712,204.8786,2.9469,1]},
{"frame":2,"values":[0.5105,-0.0735,0.8568,0,0.0135,0.9969,0.0775,0,0.8598,0.0279,-0.5099,0,1.791,208.9928,-0.7979,1]},
{"frame":3,"values":[0.4943,-0.0889,0.8648,0,0.0313,0.9959,0.0845,0,0.8687,0.0147,-0.495,0,2.5185,214.3949,-3.3728,1]},
{"frame":4,"values":[0.517,-0.1236,0.847,0,0.0531,0.9922,0.1124,0,0.8543,0.0131,-0.5196,0,2.933,219.4405,-4.4353,1]},
{"frame":5,"values":[0.558,-0.1834,0.8093,0,0.086,0.9828,0.1634,0,0.8254,0.0216,-0.5642,0,3.7572,223.1986,-2.7122,1]},
{"frame":6,"values":[0.5873,-0.2281,0.7765,0,0.1106,0.9731,0.2022,0,0.8017,0.0329,-0.5968,0,6.7478,221.3245,1.1832,1]},
{"frame":7,"values":[0.6119,-0.2385,0.7541,0,0.1045,0.9695,0.2218,0,0.784,0.057,-0.6181,0,6.3706,214.5637,5.1257,1]},
{"frame":8,"values":[0.6382,-0.2291,0.735,0,0.0805,0.9693,0.2322,0,0.7656,0.089,-0.6371,0,4.1532,207.6836,8.9471,1]},
{"frame":9,"values":[0.6554,-0.2217,0.722,0,0.077,0.9706,0.2282,0,0.7513,0.094,-0.6532,0,2.1335,207.1344,12.2349,1]},
{"frame":10,"values":[0.6575,-0.2216,0.7201,0,0.113,0.974,0.1966,0,0.745,0.0478,-0.6654,0,1.6421,212.7475,14.4084,1]},
{"frame":11,"values":[0.6484,-0.2176,0.7295,0,0.1614,0.9758,0.1475,0,0.7439,-0.0221,-0.6679,0,2.3551,220.0166,15.0353,1]},
{"frame":12,"values":[0.6296,-0.1975,0.7514,0,0.1783,0.9781,0.1077,0,0.7562,-0.0661,-0.651,0,4.232,223.9489,13.8033,1]},
{"frame":13,"values":[0.6044,-0.1381,0.7846,0,0.1362,0.9883,0.069,0,0.785,-0.0652,-0.6161,0,6.2466,224.7366,11.8796,1]},
{"frame":14,"values":[0.5729,-0.082,0.8155,0,0.0602,0.9965,0.0579,0,0.8174,-0.0159,-0.5759,0,6.599,217.4106,10.3994,1]},
{"frame":15,"values":[0.5542,-0.0766,0.8289,0,0.0398,0.9971,0.0655,0,0.8314,0.0033,-0.5556,0,4.3678,209.9298,6.8202,1]},
{"frame":16,"values":[0.554,-0.1111,0.8251,0,0.0752,0.9937,0.0834,0,0.8291,-0.0158,-0.5588,0,3.0712,204.8787,2.9469,1]},
{"frame":31,"values":[1,0.0001,0,0,-0.0001,1,0,0,0,0,-1,0,-0.0016,245.9996,0.3406,1]},
{"frame":32,"values":[1,0.0001,0,0,-0.0001,1,0,0,0,0,-1,0,-0.0016,245.9996,0.3406,1]}],"loopBehavior":1,"name":"anim","property":"_matrix"}},
{"name":"mixamorig:Spine","index":1,"matrix":[1,-0.0001,0,0,0.0001,1,-0.0025,0,0,0.0025,1,0,0,31.0557,-0.0766,1],"rest":[1,0,0,0,0,1,-0.0025,0,0,0.0025,1,0,0,31.0557,-0.0766,1],"parentBoneIndex":0,"length":36.2317
,"animation":{"dataType":3,"framePerSecond":30,"keys":[
{"frame":1,"values":[0.9996,-0.0027,0.0271,0,-0.0024,0.9825,0.1862,0,-0.0271,-0.1862,0.9821,0,0,31.0557,-0.0766,1]},
{"frame":2,"values":[0.9983,-0.055,0.017,0,0.0503,0.9767,0.2088,0,-0.0281,-0.2076,0.9778,0,0,31.0557,-0.0766,1]},
{"frame":3,"values":[0.9971,-0.0756,-0.0024,0,0.0743,0.9729,0.219,0,-0.0143,-0.2185,0.9757,0,0,31.0557,-0.0766,1]},
{"frame":4,"values":[0.9972,-0.0738,-0.0137,0,0.075,0.9724,0.2211,0,-0.003,-0.2215,0.9752,0,0,31.0557,-0.0766,1]},
{"frame":5,"values":[0.9987,-0.0501,-0.0118,0,0.0515,0.9734,0.2232,0,0.0003,-0.2235,0.9747,0,0,31.0557,-0.0766,1]},
{"frame":6,"values":[0.9994,-0.0332,-0.0072,0,0.034,0.9711,0.2364,0,-0.0008,-0.2365,0.9716,0,0,31.0557,-0.0766,1]},
{"frame":7,"values":[0.9998,-0.0215,-0.0054,0,0.0221,0.9641,0.2646,0,-0.0005,-0.2647,0.9643,0,0,31.0557,-0.0766,1]},
{"frame":8,"values":[1,-0.0049,-0.0001,0,0.0047,0.9551,0.2963,0,-0.0013,-0.2963,0.9551,0,0,31.0557,-0.0766,1]},
{"frame":9,"values":[0.9995,0.0292,0.0154,0,-0.0325,0.9512,0.3069,0,-0.0057,-0.3073,0.9516,0,0,31.0557,-0.0766,1]},
{"frame":10,"values":[0.9968,0.071,0.0359,0,-0.0782,0.9571,0.2791,0,-0.0145,-0.281,0.9596,0,0,31.0557,-0.0766,1]},
{"frame":11,"values":[0.9937,0.0968,0.0565,0,-0.1071,0.9686,0.2246,0,-0.033,-0.2292,0.9728,0,0,31.0557,-0.0766,1]},
{"frame":12,"values":[0.9925,0.0981,0.0729,0,-0.1097,0.9779,0.1781,0,-0.0538,-0.1847,0.9813,0,0,31.0557,-0.0766,1]},
{"frame":13,"values":[0.9956,0.0624,0.0696,0,-0.0734,0.983,0.1684,0,-0.0579,-0.1728,0.9833,0,0,31.0557,-0.0766,1]},
{"frame":14,"values":[0.9985,0.0295,0.047,0,-0.0378,0.9816,0.1872,0,-0.0406,-0.1887,0.9812,0,0,31.0557,-0.0766,1]},
{"frame":15,"values":[0.9994,0.0131,0.0318,0,-0.0192,0.9799,0.1986,0,-0.0286,-0.1991,0.9796,0,0,31.0557,-0.0766,1]},
{"frame":16,"values":[0.9996,-0.0027,0.0271,0,-0.0024,0.9825,0.1863,0,-0.0272,-0.1862,0.9821,0,0,31.0557,-0.0766,1]},
{"frame":31,"values":[1,-0.0001,0,0,0.0001,1,-0.0025,0,0,0.0025,1,0,0,31.0557,-0.0766,1]},
{"frame":32,"values":[1,-0.0001,0,0,0.0001,1,-0.0025,0,0,0.0025,1,0,0,31.0557,-0.0766,1]}],"loopBehavior":1,"name":"anim","property":"_matrix"}},
{"name":"mixamorig:Spine1","index":2,"matrix":[1,0,0,0,0,1,0,0,0,0,1,0,0,36.2317,0,1],"rest":[1,0,0,0,0,1,0,0,0,0,1,0,0,36.2318,0,1],"parentBoneIndex":1,"length":41.4077
,"animation":{"dataType":3,"framePerSecond":30,"keys":[
{"frame":1,"values":[0.9934,0.108,0.0375,0,-0.1139,0.9625,0.2461,0,-0.0095,-0.2488,0.9685,0,0,36.2317,0,1]},
{"frame":2,"values":[0.9926,0.1171,0.0315,0,-0.1213,0.9628,0.2416,0,-0.0021,-0.2436,0.9699,0,0,36.2317,0,1]},
{"frame":3,"values":[0.9927,0.1197,0.0144,0,-0.1195,0.962,0.2454,0,0.0155,-0.2453,0.9693,0,0,36.2317,0,1]},
{"frame":4,"values":[0.9933,0.1155,0.0099,0,-0.1143,0.9608,0.2525,0,0.0196,-0.252,0.9675,0,0,36.2318,0,1]},
{"frame":5,"values":[0.9937,0.1105,0.0202,0,-0.112,0.9599,0.2571,0,0.009,-0.2577,0.9662,0,0,36.2318,0,1]},
{"frame":6,"values":[0.9933,0.1121,0.0275,0,-0.1154,0.9589,0.2591,0,0.0027,-0.2605,0.9655,0,0,36.2317,0,1]},
{"frame":7,"values":[0.9927,0.1162,0.0321,0,-0.1206,0.9575,0.2619,0,-0.0003,-0.2639,0.9646,0,0,36.2317,0,1]},
{"frame":8,"values":[0.9925,0.1131,0.0462,0,-0.1213,0.9571,0.2632,0,-0.0144,-0.2668,0.9636,0,0,36.2317,0,1]},
{"frame":9,"values":[0.9922,0.1033,0.0692,0,-0.1178,0.9594,0.2564,0,-0.0399,-0.2626,0.9641,0,0,36.2317,0,1]},
{"frame":10,"values":[0.9907,0.0981,0.0941,0,-0.1185,0.9626,0.2436,0,-0.0667,-0.2525,0.9653,0,0,36.2318,0,1]},
{"frame":11,"values":[0.9874,0.1048,0.1182,0,-0.1303,0.9634,0.2343,0,-0.0893,-0.2468,0.965,0,0,36.2318,0,1]},
{"frame":12,"values":[0.9846,0.1123,0.1341,0,-0.1422,0.9605,0.2393,0,-0.1019,-0.2547,0.9616,0,0,36.2317,0,1]},
{"frame":13,"values":[0.9861,0.1087,0.1258,0,-0.1376,0.9582,0.2509,0,-0.0932,-0.2647,0.9598,0,0,36.2317,0,1]},
{"frame":14,"values":[0.9907,0.0995,0.093,0,-0.1202,0.9599,0.2531,0,-0.0641,-0.262,0.9629,0,0,36.2318,0,1]},
{"frame":15,"values":[0.9936,0.0961,0.0598,0,-0.108,0.9627,0.2481,0,-0.0338,-0.253,0.9669,0,0,36.2317,0,1]},
{"frame":16,"values":[0.9934,0.108,0.0375,0,-0.1139,0.9625,0.2461,0,-0.0095,-0.2487,0.9685,0,0,36.2318,0,1]},
{"frame":31,"values":[1,0,0,0,0,1,0,0,0,0,1,0,0,36.2317,0,1]},
{"frame":32,"values":[1,0,0,0,0,1,0,0,0,0,1,0,0,36.2317,0,1]}],"loopBehavior":1,"name":"anim","property":"_matrix"}},
{"name":"mixamorig:Spine2","index":3,"matrix":[1,0,0,0,0,1,0,0,0,0,1,0,0,41.4078,0,1],"rest":[1,0,0,0,0,1,0,0,0,0,1,0,0,41.4078,0,1],"parentBoneIndex":2,"length":45.7322
,"animation":{"dataType":3,"framePerSecond":30,"keys":[
{"frame":1,"values":[0.9949,0.1003,0.0135,0,-0.1005,0.9631,0.2496,0,0.0121,-0.2496,0.9683,0,0,41.4078,0,1]},
{"frame":2,"values":[0.9946,0.1042,0.0029,0,-0.1016,0.9635,0.2477,0,0.023,-0.2466,0.9688,0,0,41.4078,0,1]},
{"frame":3,"values":[0.994,0.1081,-0.0156,0,-0.1007,0.9629,0.2504,0,0.0421,-0.2473,0.968,0,0,41.4077,0,1]},
{"frame":4,"values":[0.9937,0.111,-0.0181,0,-0.1028,0.9616,0.2544,0,0.0456,-0.2509,0.9669,0,0,41.4078,0,1]},
{"frame":5,"values":[0.9932,0.1166,-0.0047,0,-0.1116,0.9605,0.2548,0,0.0342,-0.2525,0.967,0,0,41.4078,0,1]},
{"frame":6,"values":[0.9919,0.1272,0.004,0,-0.1241,0.9595,0.2529,0,0.0283,-0.2513,0.9675,0,0,41.4077,0,1]},
{"frame":7,"values":[0.9905,0.1374,0.0094,0,-0.1352,0.958,0.2528,0,0.0257,-0.2517,0.9675,0,0,41.4077,0,1]},
{"frame":8,"values":[0.99,0.1386,0.0253,0,-0.1405,0.9574,0.2521,0,0.0107,-0.2532,0.9674,0,0,41.4077,0,1]},
{"frame":9,"values":[0.99,0.1317,0.0509,0,-0.1402,0.9595,0.2442,0,-0.0167,-0.2489,0.9684,0,0,41.4078,0,1]},
{"frame":10,"values":[0.9889,0.1269,0.0775,0,-0.1416,0.9627,0.2307,0,-0.0453,-0.2391,0.9699,0,0,41.4077,0,1]},
{"frame":11,"values":[0.9862,0.1313,0.1013,0,-0.151,0.9635,0.2209,0,-0.0686,-0.2331,0.97,0,0,41.4077,0,1]},
{"frame":12,"values":[0.9842,0.1336,0.1166,0,-0.1573,0.9611,0.227,0,-0.0818,-0.2417,0.9669,0,0,41.4077,0,1]},
{"frame":13,"values":[0.9867,0.1213,0.1078,0,-0.1445,0.9592,0.2431,0,-0.0739,-0.2554,0.964,0,0,41.4077,0,1]},
{"frame":14,"values":[0.9921,0.1019,0.0735,0,-0.1173,0.9609,0.2508,0,-0.045,-0.2574,0.9653,0,0,41.4077,0,1]},
{"frame":15,"values":[0.9951,0.0916,0.0383,0,-0.0983,0.9635,0.2491,0,-0.0141,-0.2516,0.9677,0,0,41.4078,0,1]},
{"frame":16,"values":[0.9949,0.1003,0.0135,0,-0.1005,0.9632,0.2495,0,0.012,-0.2495,0.9683,0,0,41.4078,0,1]},
{"frame":31,"values":[1,0,0,0,0,1,0,0,0,0,1,0,0,41.4078,0,1]},
{"frame":32,"values":[1,0,0,0,0,1,0,0,0,0,1,0,0,41.4078,0,1]}],"loopBehavior":1,"name":"anim","property":"_matrix"}},
{"name":"mixamorig:Neck","index":4,"matrix":[1,0,0,0,0,1,0.0025,0,0,-0.0025,1,0,0,46.5837,0,1],"rest":[1,0,0,0,0,1,0.0025,0,0,-0.0025,1,0,0,46.5837,0,1],"parentBoneIndex":3,"length":15.3326
,"animation":{"dataType":3,"framePerSecond":30,"keys":[
{"frame":1,"values":[0.9957,-0.0749,-0.0544,0,0.0558,0.9545,-0.293,0,0.0739,0.2888,0.9545,0,0,46.5837,0,1]},
{"frame":2,"values":[0.9964,-0.0721,-0.0449,0,0.0566,0.9578,-0.2819,0,0.0633,0.2783,0.9584,0,0,46.5837,0,1]},
{"frame":3,"values":[0.997,-0.0664,-0.0392,0,0.0528,0.9584,-0.2805,0,0.0562,0.2776,0.9591,0,0,46.5836,0,1]},
{"frame":4,"values":[0.997,-0.0635,-0.0435,0,0.0487,0.9581,-0.2822,0,0.0596,0.2793,0.9584,0,0,46.5837,0,1]},
{"frame":5,"values":[0.9965,-0.0614,-0.0571,0,0.0425,0.957,-0.2868,0,0.0723,0.2834,0.9563,0,0,46.5837,0,1]},
{"frame":6,"values":[0.9959,-0.0602,-0.0677,0,0.0379,0.9555,-0.2925,0,0.0823,0.2887,0.9539,0,0,46.5837,0,1]},
{"frame":7,"values":[0.9953,-0.0632,-0.073,0,0.0388,0.9543,-0.2964,0,0.0884,0.2922,0.9523,0,0,46.5837,0,1]},
{"frame":8,"values":[0.9943,-0.0713,-0.0791,0,0.0451,0.9547,-0.2941,0,0.0965,0.2889,0.9525,0,0,46.5837,0,1]},
{"frame":9,"values":[0.9927,-0.0832,-0.0868,0,0.055,0.9563,-0.2871,0,0.1069,0.2802,0.954,0,0,46.5837,0,1]},
{"frame":10,"values":[0.9913,-0.0919,-0.0944,0,0.0615,0.9564,-0.2856,0,0.1166,0.2773,0.9537,0,0,46.5837,0,1]},
{"frame":11,"values":[0.99,-0.0992,-0.1006,0,0.0665,0.9554,-0.2877,0,0.1246,0.2782,0.9524,0,0,46.5836,0,1]},
{"frame":12,"values":[0.9895,-0.103,-0.1016,0,0.0692,0.9538,-0.2923,0,0.127,0.2822,0.9509,0,0,46.5837,0,1]},
{"frame":13,"values":[0.9909,-0.099,-0.0915,0,0.0675,0.952,-0.2987,0,0.1167,0.2898,0.95,0,0,46.5837,0,1]},
{"frame":14,"values":[0.9934,-0.0897,-0.0714,0,0.0645,0.9524,-0.2979,0,0.0947,0.2913,0.9519,0,0,46.5837,0,1]},
{"frame":15,"values":[0.9951,-0.0805,-0.0579,0,0.06,0.9536,-0.2952,0,0.0789,0.2902,0.9537,0,0,46.5837,0,1]},
{"frame":16,"values":[0.9957,-0.0749,-0.0544,0,0.0558,0.9545,-0.293,0,0.0739,0.2887,0.9546,0,0,46.5837,0,1]},
{"frame":31,"values":[1,0,0,0,0,1,0.0025,0,0,-0.0025,1,0,0,46.5837,0,1]},
{"frame":32,"values":[1,0,0,0,0,1,0.0025,0,0,-0.0025,1,0,0,46.5837,0,1]}],"loopBehavior":1,"name":"anim","property":"_matrix"}},
{"name":"mixamorig:Head","index":5,"matrix":[1,0,0,0,0,1,0,0,0,0,1,0,0,15.33,0.2819,1],"rest":[1,0,0,0,0,1,0,0,0,0,1,0,0,15.33,0.2819,1],"parentBoneIndex":4,"length":43.2698
,"animation":{"dataType":3,"framePerSecond":30,"keys":[
{"frame":1,"values":[0.8833,-0.0921,-0.4596,0,0.0721,0.9955,-0.061,0,0.4631,0.0207,0.886,0,0,15.33,0.2819,1]},
{"frame":2,"values":[0.9073,-0.0582,-0.4164,0,0.0627,0.998,-0.0028,0,0.4158,-0.0236,0.9092,0,0,15.33,0.2819,1]},
{"frame":3,"values":[0.9202,-0.0298,-0.3903,0,0.0339,0.9994,0.0037,0,0.39,-0.0166,0.9207,0,0,15.33,0.2819,1]},
{"frame":4,"values":[0.9108,-0.0159,-0.4125,0,0.0157,0.9999,-0.0038,0,0.4125,-0.003,0.9109,0,0,15.33,0.2819,1]},
{"frame":5,"values":[0.8799,-0.0161,-0.4749,0,0.0047,0.9997,-0.025,0,0.4751,0.0198,0.8797,0,0,15.33,0.2819,1]},
{"frame":6,"values":[0.8533,-0.0264,-0.5208,0,-0.0017,0.9986,-0.0535,0,0.5214,0.0465,0.852,0,0,15.33,0.2819,1]},
{"frame":7,"values":[0.8387,-0.0524,-0.542,0,0.014,0.9971,-0.0748,0,0.5444,0.0552,0.837,0,0,15.33,0.2819,1]},
{"frame":8,"values":[0.8201,-0.0831,-0.5662,0,0.0572,0.9963,-0.0635,0,0.5694,0.0197,0.8218,0,0,15.33,0.2819,1]},
{"frame":9,"values":[0.7948,-0.1127,-0.5963,0,0.1193,0.9924,-0.0286,0,0.595,-0.0484,0.8022,0,0,15.33,0.2819,1]},
{"frame":10,"values":[0.7673,-0.1451,-0.6246,0,0.1643,0.986,-0.0272,0,0.6198,-0.0817,0.7805,0,0,15.33,0.2819,1]},
{"frame":11,"values":[0.7421,-0.1793,-0.6459,0,0.2006,0.9788,-0.0413,0,0.6396,-0.0989,0.7623,0,0,15.33,0.2819,1]},
{"frame":12,"values":[0.7344,-0.2052,-0.6469,0,0.2159,0.9743,-0.064,0,0.6434,-0.0927,0.7599,0,0,15.33,0.2819,1]},
{"frame":13,"values":[0.7686,-0.2046,-0.6062,0,0.191,0.9777,-0.0879,0,0.6106,-0.0482,0.7905,0,0,15.33,0.2819,1]},
{"frame":14,"values":[0.8336,-0.1621,-0.528,0,0.1448,0.9867,-0.0744,0,0.533,-0.0144,0.846,0,0,15.33,0.2819,1]},
{"frame":15,"values":[0.8733,-0.1173,-0.4728,0,0.1,0.9931,-0.0616,0,0.4767,0.0066,0.879,0,0,15.33,0.2819,1]},
{"frame":16,"values":[0.8833,-0.0921,-0.4596,0,0.0721,0.9955,-0.061,0,0.4631,0.0207,0.886,0,0,15.33,0.2819,1]},
{"frame":31,"values":[1,0,0,0,0,1,0,0,0,0,1,0,0,15.33,0.2819,1]},
{"frame":32,"values":[1,0,0,0,0,1,0,0,0,0,1,0,0,15.33,0.2819,1]}],"loopBehavior":1,"name":"anim","property":"_matrix"}},
{"name":"mixamorig:HeadTop_End","index":6,"matrix":[1,0,0,0,0,1,0,0,0,0,1,0,0,43.2625,0.7956,1],"rest":[1,0,0,0,0,1,0,0,0,0,1,0,0,43.2625,0.7956,1],"parentBoneIndex":5,"length":43.2698
,"animation":{"dataType":3,"framePerSecond":30,"keys":[
{"frame":1,"values":[1,0,0,0,0,1,0,0,0,0,1,0,0,43.2625,0.7956,1]},
{"frame":4,"values":[1,0,0,0,0,1,0,0,0,0,1,0,0,43.2624,0.7956,1]},
{"frame":5,"values":[1,0,0,0,0,1,0,0,0,0,1,0,0,43.2625,0.7956,1]},
{"frame":12,"values":[1,0,0,0,0,1,0,0,0,0,1,0,0,43.2625,0.7955,1]},
{"frame":13,"values":[1,0,0,0,0,1,0,0,0,0,1,0,0,43.2625,0.7956,1]},
{"frame":16,"values":[1,0,0,0,0,1,0,0,0,0,1,0,0,43.2625,0.7956,1]},
{"frame":31,"values":[1,0,0,0,0,1,0,0,0,0,1,0,0,43.2625,0.7956,1]},
{"frame":32,"values":[1,0,0,0,0,1,0,0,0,0,1,0,0,43.2625,0.7956,1]}],"loopBehavior":1,"name":"anim","property":"_matrix"}},
{"name":"mixamorig:LeftShoulder","index":7,"matrix":[-0.0025,0,-1,0,0.9667,-0.2559,-0.0024,0,-0.2559,-0.9667,0.0006,0,16.6585,42.1329,-0.0419,1],"rest":[-0.0025,0,-1,0,0.9655,-0.2605,-0.0024,0,-0.2605,-0.9655,0.0007,0,16.6585,42.1328,-0.0419,1],"parentBoneIndex":3,"length":34.2156
,"animation":{"dataType":3,"framePerSecond":30,"keys":[
{"frame":1,"values":[0.2284,0.1142,-0.9668,0,0.9421,-0.2764,0.1899,0,-0.2455,-0.9542,-0.1707,0,16.6585,42.1328,-0.0419,1]},
{"frame":2,"values":[0.3735,0.0979,-0.9225,0,0.9015,-0.2726,0.336,0,-0.2186,-0.9571,-0.1901,0,16.6585,42.1328,-0.0419,1]},
{"frame":3,"values":[0.4302,0.0918,-0.898,0,0.8787,-0.2705,0.3933,0,-0.2068,-0.9583,-0.197,0,16.6585,42.1328,-0.0419,1]},
{"frame":4,"values":[0.4393,0.0894,-0.8939,0,0.8746,-0.27,0.4028,0,-0.2053,-0.9587,-0.1967,0,16.6585,42.1328,-0.0419,1]},
{"frame":5,"values":[0.4507,0.0882,-0.8883,0,0.8693,-0.2695,0.4143,0,-0.2028,-0.959,-0.1982,0,16.6584,42.1328,-0.0419,1]},
{"frame":6,"values":[0.3928,0.0682,-0.9171,0,0.8925,-0.2685,0.3624,0,-0.2215,-0.9609,-0.1663,0,16.6584,42.1328,-0.0419,1]},
{"frame":7,"values":[0.3236,0.0444,-0.9452,0,0.9156,-0.2667,0.3009,0,-0.2387,-0.9628,-0.1269,0,16.6585,42.1328,-0.0419,1]},
{"frame":8,"values":[0.251,0.0198,-0.9678,0,0.9349,-0.2642,0.2371,0,-0.251,-0.9643,-0.0848,0,16.6585,42.1328,-0.0419,1]},
{"frame":9,"values":[0.1766,0.0049,-0.9843,0,0.95,-0.2625,0.1691,0,-0.2576,-0.9649,-0.051,0,16.6585,42.1328,-0.0419,1]},
{"frame":10,"values":[0.0749,0.0084,-0.9972,0,0.9624,-0.2626,0.0701,0,-0.2613,-0.9649,-0.0278,0,16.6585,42.1328,-0.0419,1]},
{"frame":11,"values":[-0.0254,0.0241,-0.9994,0,0.9642,-0.2634,-0.0309,0,-0.264,-0.9644,-0.0166,0,16.6585,42.1328,-0.0419,1]},
{"frame":12,"values":[-0.0888,0.0436,-0.9951,0,0.9594,-0.2646,-0.0972,0,-0.2675,-0.9634,-0.0183,0,16.6585,42.1328,-0.0419,1]},
{"frame":13,"values":[-0.0818,0.0532,-0.9952,0,0.9595,-0.266,-0.0931,0,-0.2697,-0.9625,-0.0293,0,16.6584,42.1328,-0.0419,1]},
{"frame":14,"values":[0.1016,0.0386,-0.9941,0,0.9597,-0.2668,0.0877,0,-0.2619,-0.963,-0.0641,0,16.6585,42.1328,-0.0419,1]},
{"frame":15,"values":[0.2031,0.0649,-0.977,0,0.946,-0.2704,0.1787,0,-0.2526,-0.9605,-0.1164,0,16.6585,42.1328,-0.0419,1]},
{"frame":16,"values":[0.2284,0.1142,-0.9668,0,0.9421,-0.2764,0.1899,0,-0.2455,-0.9542,-0.1707,0,16.6585,42.1329,-0.0419,1]},
{"frame":31,"values":[-0.0025,0,-1,0,0.9667,-0.2559,-0.0024,0,-0.2559,-0.9667,0.0006,0,16.6585,42.1329,-0.0419,1]},
{"frame":32,"values":[-0.0025,0,-1,0,0.9667,-0.2559,-0.0024,0,-0.2559,-0.9667,0.0006,0,16.6585,42.1329,-0.0419,1]}],"loopBehavior":1,"name":"anim","property":"_matrix"}},
{"name":"mixamorig:LeftArm","index":8,"matrix":[1,0.0028,0.0007,0,-0.0025,0.9667,-0.2559,0,-0.0014,0.2559,0.9667,0,0,34.2156,0,1],"rest":[1,0.0057,0,0,-0.0056,0.9756,-0.2195,0,-0.0013,0.2195,0.9756,0,0,34.2156,-0.0001,1],"parentBoneIndex":7,"length":75.9427
,"animation":{"dataType":3,"framePerSecond":30,"keys":[
{"frame":1,"values":[0.4999,0.3821,0.7773,0,-0.7091,0.6958,0.114,0,-0.4973,-0.6081,0.6188,0,0,34.2156,-0.0001,1]},
{"frame":2,"values":[0.5226,0.3453,0.7795,0,-0.643,0.76,0.0944,0,-0.5599,-0.5506,0.6192,0,0,34.2156,-0.0001,1]},
{"frame":3,"values":[0.5154,0.3501,0.7822,0,-0.6279,0.7754,0.0667,0,-0.5832,-0.5255,0.6195,0,0,34.2156,-0.0001,1]},
{"frame":4,"values":[0.5226,0.3058,0.7959,0,-0.5917,0.8022,0.0803,0,-0.6138,-0.5129,0.6001,0,0,34.2156,-0.0001,1]},
{"frame":5,"values":[0.5528,0.157,0.8184,0,-0.4741,0.8669,0.154,0,-0.6853,-0.4732,0.5537,0,0,34.2156,-0.0001,1]},
{"frame":6,"values":[0.5865,0.1341,0.7988,0,-0.4647,0.8635,0.1963,0,-0.6634,-0.4863,0.5688,0,0,34.2156,-0.0001,1]},
{"frame":7,"values":[0.6189,0.148,0.7714,0,-0.4841,0.8452,0.2263,0,-0.6186,-0.5135,0.5947,0,0,34.2156,-0.0001,1]},
{"frame":8,"values":[0.6555,0.1442,0.7413,0,-0.4835,0.8341,0.2654,0,-0.5801,-0.5324,0.6165,0,0,34.2156,-0.0001,1]},
{"frame":9,"values":[0.6959,0.1119,0.7093,0,-0.4686,0.8193,0.3305,0,-0.5442,-0.5624,0.6226,0,0,34.2156,0,1]},
{"frame":10,"values":[0.7241,0.0823,0.6847,0,-0.4953,0.753,0.4333,0,-0.4799,-0.6529,0.586,0,0,34.2156,-0.0001,1]},
{"frame":11,"values":[0.7385,0.0639,0.6712,0,-0.537,0.6578,0.5281,0,-0.4078,-0.7504,0.5201,0,0,34.2156,0,1]},
{"frame":12,"values":[0.7162,0.0681,0.6946,0,-0.5977,0.5737,0.56,0,-0.3603,-0.8162,0.4516,0,0,34.2156,-0.0001,1]},
{"frame":13,"values":[0.6481,0.1298,0.7504,0,-0.6832,0.5345,0.4975,0,-0.3366,-0.8351,0.4351,0,0,34.2156,-0.0001,1]},
{"frame":14,"values":[0.577,0.2105,0.7891,0,-0.7003,0.6246,0.3455,0,-0.4202,-0.752,0.5078,0,0,34.2156,-0.0001,1]},
{"frame":15,"values":[0.522,0.3202,0.7906,0,-0.7161,0.668,0.2022,0,-0.4634,-0.6717,0.578,0,0,34.2156,0,1]},
{"frame":16,"values":[0.5,0.382,0.7772,0,-0.709,0.6959,0.1141,0,-0.4973,-0.6081,0.6188,0,0,34.2156,-0.0001,1]},
{"frame":31,"values":[1,0.0028,0.0007,0,-0.0025,0.9667,-0.2559,0,-0.0014,0.2559,0.9667,0,0,34.2156,0,1]},
{"frame":32,"values":[1,0.0028,0.0007,0,-0.0025,0.9667,-0.2559,0,-0.0014,0.2559,0.9667,0,0,34.2156,0,1]}],"loopBehavior":1,"name":"anim","property":"_matrix"}},
{"name":"mixamorig:LeftForeArm","index":9,"matrix":[1,0,-0.0001,0,0,1,0,0,0.0001,0,1,0,0,75.9427,0,1],"rest":[1,-0.0035,0,0,0.0035,0.9993,-0.0369,0,0.0001,0.0369,0.9993,0,0,75.9427,0,1],"parentBoneIndex":8,"length":74.7997
,"animation":{"dataType":3,"framePerSecond":30,"keys":[
{"frame":1,"values":[0.0319,-0.2512,0.9674,0,-0.9887,0.1339,0.0673,0,-0.1464,-0.9586,-0.2441,0,0,75.9427,0,1]},
{"frame":2,"values":[0.0062,-0.2833,0.959,0,-0.9812,0.1831,0.0604,0,-0.1927,-0.9414,-0.2769,0,0,75.9427,0,1]},
{"frame":3,"values":[0.0203,-0.2838,0.9587,0,-0.9889,0.1357,0.0612,0,-0.1475,-0.9492,-0.2779,0,0,75.9426,0,1]},
{"frame":4,"values":[0.041,-0.2787,0.9595,0,-0.9937,0.0892,0.0684,0,-0.1046,-0.9562,-0.2733,0,0,75.9427,0,1]},
{"frame":5,"values":[0.0824,-0.2989,0.9507,0,-0.9966,-0.0344,0.0755,0,0.0101,-0.9537,-0.3007,0,0,75.9427,0,1]},
{"frame":6,"values":[0.101,-0.3087,0.9458,0,-0.9931,-0.0881,0.0773,0,0.0595,-0.9471,-0.3154,0,0,75.9427,0,1]},
{"frame":7,"values":[0.1064,-0.3052,0.9463,0,-0.9916,-0.1031,0.0783,0,0.0736,-0.9467,-0.3136,0,0,75.9427,0,1]},
{"frame":8,"values":[0.1094,-0.3123,0.9437,0,-0.9904,-0.1144,0.077,0,0.0839,-0.9431,-0.3218,0,0,75.9427,0,1]},
{"frame":9,"values":[0.1171,-0.3412,0.9327,0,-0.9876,-0.1393,0.073,0,0.105,-0.9296,-0.3533,0,0,75.9427,0,1]},
{"frame":10,"values":[0.1229,-0.3485,0.9292,0,-0.986,-0.1493,0.0744,0,0.1128,-0.9253,-0.362,0,0,75.9427,0,1]},
{"frame":11,"values":[0.1164,-0.3506,0.9292,0,-0.9891,-0.1257,0.0765,0,0.0899,-0.928,-0.3615,0,0,75.9427,0,1]},
{"frame":12,"values":[0.0947,-0.35,0.932,0,-0.995,-0.063,0.0774,0,0.0316,-0.9346,-0.3542,0,0,75.9427,0,1]},
{"frame":13,"values":[0.0634,-0.3434,0.9371,0,-0.9969,0.0228,0.0758,0,-0.0474,-0.9389,-0.3408,0,0,75.9426,0,1]},
{"frame":14,"values":[0.0295,-0.3113,0.9499,0,-0.9895,0.1251,0.0718,0,-0.1412,-0.9421,-0.3043,0,0,75.9427,0,1]},
{"frame":15,"values":[0.0137,-0.2784,0.9604,0,-0.9811,0.1817,0.0666,0,-0.193,-0.9431,-0.2706,0,0,75.9427,0,1]},
{"frame":16,"values":[0.0319,-0.2512,0.9674,0,-0.9887,0.1338,0.0673,0,-0.1464,-0.9586,-0.2441,0,0,75.9427,0,1]},
{"frame":31,"values":[1,0,-0.0001,0,0,1,0,0,0.0001,0,1,0,0,75.9427,0,1]},
{"frame":32,"values":[1,0,-0.0001,0,0,1,0,0,0.0001,0,1,0,0,75.9427,0,1]}],"loopBehavior":1,"name":"anim","property":"_matrix"}},
{"name":"mixamorig:LeftHand","index":10,"matrix":[1,0,-0.0008,0,0,1,0,0,0.0008,0,1,0,0,74.7997,0,1],"rest":[0.9998,-0.0177,0,0,0.0176,0.9956,-0.0916,0,0.0016,0.0916,0.9958,0,0,74.7997,-0.0001,1],"parentBoneIndex":9,"length":21.8985
,"animation":{"dataType":3,"framePerSecond":30,"keys":[
{"frame":1,"values":[0.7182,0.1901,0.6694,0,-0.1169,0.9813,-0.1532,0,-0.686,0.0318,0.7269,0,0,74.7997,-0.0001,1]},
{"frame":2,"values":[0.75,0.1436,0.6456,0,-0.0672,0.9876,-0.1416,0,-0.658,0.0628,0.7504,0,0,74.7997,0,1]},
{"frame":3,"values":[0.7776,0.1547,0.6094,0,-0.0401,0.9795,-0.1974,0,-0.6274,0.1291,0.7679,0,0,74.7997,-0.0001,1]},
{"frame":4,"values":[0.7944,0.1536,0.5876,0,-0.0176,0.9729,-0.2306,0,-0.6071,0.1729,0.7756,0,0,74.7997,-0.0001,1]},
{"frame":5,"values":[0.812,0.1785,0.5557,0,-0.0191,0.9597,-0.2805,0,-0.5833,0.2171,0.7827,0,0,74.7997,-0.0001,1]},
{"frame":6,"values":[0.8185,0.2241,0.5289,0,-0.0672,0.9518,-0.2994,0,-0.5705,0.2095,0.7941,0,0,74.7997,-0.0001,1]},
{"frame":7,"values":[0.8034,0.259,0.5362,0,-0.1143,0.9508,-0.288,0,-0.5843,0.17,0.7935,0,0,74.7997,-0.0001,1]},
{"frame":8,"values":[0.785,0.2862,0.5494,0,-0.1571,0.9499,-0.2703,0,-0.5992,0.1259,0.7906,0,0,74.7997,-0.0001,1]},
{"frame":9,"values":[0.7899,0.2973,0.5364,0,-0.1879,0.9499,-0.2497,0,-0.5837,0.0964,0.8062,0,0,74.7997,-0.0001,1]},
{"frame":10,"values":[0.8172,0.2662,0.5112,0,-0.1805,0.9605,-0.2117,0,-0.5474,0.0807,0.833,0,0,74.7997,-0.0001,1]},
{"frame":11,"values":[0.8496,0.206,0.4855,0,-0.1462,0.9765,-0.1585,0,-0.5067,0.0637,0.8598,0,0,74.7997,-0.0001,1]},
{"frame":12,"values":[0.8709,0.1333,0.4731,0,-0.0956,0.9901,-0.103,0,-0.4821,0.0445,0.875,0,0,74.7997,-0.0001,1]},
{"frame":13,"values":[0.8698,0.08,0.4868,0,-0.054,0.9963,-0.0671,0,-0.4904,0.0321,0.8709,0,0,74.7997,-0.0001,1]},
{"frame":14,"values":[0.8262,0.0905,0.5561,0,-0.0478,0.9947,-0.0908,0,-0.5614,0.0484,0.8261,0,0,74.7997,0,1]},
{"frame":15,"values":[0.7748,0.122,0.6203,0,-0.0655,0.9914,-0.1132,0,-0.6288,0.0471,0.7762,0,0,74.7997,-0.0001,1]},
{"frame":16,"values":[0.7182,0.1901,0.6694,0,-0.1169,0.9813,-0.1532,0,-0.686,0.0318,0.7269,0,0,74.7997,0,1]},
{"frame":31,"values":[1,0,-0.0008,0,0,1,0,0,0.0008,0,1,0,0,74.7997,0,1]},
{"frame":32,"values":[1,0,-0.0008,0,0,1,0,0,0.0008,0,1,0,0,74.7997,0,1]}],"loopBehavior":1,"name":"anim","property":"_matrix"}},
{"name":"mixamorig:LeftHandIndex1","index":11,"matrix":[0.9961,0,0.0886,0,0,1,0,0,-0.0886,0,0.9961,0,0,21.8985,0,1],"rest":[0.9961,0,0.0886,0,-0.0648,0.6818,0.7286,0,-0.0604,-0.7315,0.6792,0,0,21.8985,0.0001,1],"parentBoneIndex":10,"length":4.8591
,"animation":{"dataType":3,"framePerSecond":30,"keys":[
{"frame":1,"values":[0.9924,0.1179,-0.0359,0,-0.012,0.3823,0.9239,0,0.1227,-0.9165,0.3808,0,0,21.8985,0,1]},
{"frame":2,"values":[0.9924,0.1179,-0.0359,0,-0.012,0.3823,0.9239,0,0.1227,-0.9165,0.3808,0,0,21.8985,0.0001,1]},
{"frame":11,"values":[0.9924,0.1179,-0.0359,0,-0.012,0.3823,0.9239,0,0.1227,-0.9165,0.3808,0,0,21.8985,0,1]},
{"frame":12,"values":[0.9924,0.1179,-0.0359,0,-0.012,0.3823,0.9239,0,0.1227,-0.9165,0.3808,0,0,21.8985,0.0001,1]},
{"frame":16,"values":[0.9924,0.1179,-0.0359,0,-0.012,0.3823,0.9239,0,0.1227,-0.9165,0.3808,0,0,21.8985,0.0001,1]},
{"frame":31,"values":[0.9961,0,0.0886,0,0,1,0,0,-0.0886,0,0.9961,0,0,21.8985,0,1]},
{"frame":32,"values":[0.9961,0,0.0886,0,0,1,0,0,-0.0886,0,0.9961,0,0,21.8985,0,1]}],"loopBehavior":1,"name":"anim","property":"_matrix"}},
{"name":"mixamorig:LeftHandIndex2","index":12,"matrix":[0.9846,-0.171,-0.0354,0,0.171,0.9033,0.3935,0,-0.0354,-0.3935,0.9186,0,0,4.8592,0,1],"rest":[1,0,0,0,0,1,0,0,0,0,1,0,0,4.8591,0,1],"parentBoneIndex":11,"length":3.3657
,"animation":{"dataType":3,"framePerSecond":30,"keys":[
{"frame":1,"values":[0.9935,-0.0904,-0.0691,0,0.1122,0.8791,0.4633,0,0.0189,-0.468,0.8835,0,0,4.8591,0,1]},
{"frame":3,"values":[0.9935,-0.0904,-0.0691,0,0.1122,0.8791,0.4633,0,0.0189,-0.468,0.8835,0,0,4.8592,0,1]},
{"frame":5,"values":[0.9935,-0.0904,-0.0691,0,0.1122,0.8791,0.4633,0,0.0189,-0.468,0.8835,0,0,4.8591,0,1]},
{"frame":16,"values":[0.9935,-0.0904,-0.0691,0,0.1122,0.8791,0.4633,0,0.0189,-0.468,0.8835,0,0,4.8591,0,1]},
{"frame":31,"values":[0.9846,-0.171,-0.0354,0,0.171,0.9033,0.3935,0,-0.0354,-0.3935,0.9186,0,0,4.8592,0,1]},
{"frame":32,"values":[0.9846,-0.171,-0.0354,0,0.171,0.9033,0.3935,0,-0.0354,-0.3935,0.9186,0,0,4.8592,0,1]}],"loopBehavior":1,"name":"anim","property":"_matrix"}},
{"name":"mixamorig:LeftHandIndex3","index":13,"matrix":[0.5709,0.7972,-0.1961,0,-0.7968,0.4805,-0.3665,0,-0.1979,0.3655,0.9095,0,-0.5755,3.0402,-1.3245,1],"rest":[0,1,0,0,-1,0,0,0,0,0,1,0,-0.5755,3.0402,-1.3246,1],"parentBoneIndex":12,"length":1.0757
,"animation":{"dataType":3,"framePerSecond":30,"keys":[
{"frame":1,"values":[0.2225,0.9324,0.2848,0,-0.9297,0.1149,0.35,0,0.2936,-0.3426,0.8924,0,-0.5755,3.0402,-1.3246,1]},
{"frame":2,"values":[0.2225,0.9324,0.2848,0,-0.9297,0.1149,0.35,0,0.2936,-0.3426,0.8924,0,-0.5755,3.0402,-1.3245,1]},
{"frame":4,"values":[0.2225,0.9324,0.2848,0,-0.9297,0.1149,0.35,0,0.2936,-0.3426,0.8924,0,-0.5756,3.0402,-1.3246,1]},
{"frame":5,"values":[0.2225,0.9324,0.2848,0,-0.9297,0.1149,0.35,0,0.2936,-0.3426,0.8924,0,-0.5755,3.0401,-1.3246,1]},
{"frame":6,"values":[0.2225,0.9324,0.2848,0,-0.9297,0.1149,0.35,0,0.2936,-0.3426,0.8924,0,-0.5755,3.0402,-1.3245,1]},
{"frame":8,"values":[0.2225,0.9324,0.2848,0,-0.9297,0.1149,0.35,0,0.2936,-0.3426,0.8924,0,-0.5755,3.0401,-1.3246,1]},
{"frame":9,"values":[0.2225,0.9324,0.2848,0,-0.9297,0.1149,0.35,0,0.2936,-0.3426,0.8924,0,-0.5755,3.0402,-1.3245,1]},
{"frame":10,"values":[0.2225,0.9324,0.2848,0,-0.9297,0.1149,0.35,0,0.2936,-0.3426,0.8924,0,-0.5755,3.0401,-1.3246,1]},
{"frame":11,"values":[0.2225,0.9324,0.2848,0,-0.9297,0.1149,0.35,0,0.2936,-0.3426,0.8924,0,-0.5755,3.0402,-1.3245,1]},
{"frame":14,"values":[0.2225,0.9324,0.2848,0,-0.9297,0.1149,0.35,0,0.2936,-0.3426,0.8924,0,-0.5755,3.0401,-1.3246,1]},
{"frame":15,"values":[0.2225,0.9324,0.2848,0,-0.9297,0.1149,0.35,0,0.2936,-0.3426,0.8924,0,-0.5755,3.0401,-1.3245,1]},
{"frame":16,"values":[0.2225,0.9324,0.2848,0,-0.9297,0.1149,0.35,0,0.2936,-0.3426,0.8924,0,-0.5756,3.0402,-1.3246,1]},
{"frame":31,"values":[0.5709,0.7972,-0.1961,0,-0.7968,0.4805,-0.3665,0,-0.1979,0.3655,0.9095,0,-0.5755,3.0402,-1.3245,1]},
{"frame":32,"values":[0.5709,0.7972,-0.1961,0,-0.7968,0.4805,-0.3665,0,-0.1979,0.3655,0.9095,0,-0.5755,3.0402,-1.3245,1]}],"loopBehavior":1,"name":"anim","property":"_matrix"}},
{"name":"mixamorig:LeftHandIndex4","index":14,"matrix":[1,0,0,0,0,1,0,0,0,0,1,0,0.7527,0.7686,0.0065,1],"rest":[1,0,0,0,0,1,0,0,0,0,1,0,0.7527,0.7686,0.0065,1],"parentBoneIndex":13,"length":1.0757
,"animation":{"dataType":3,"framePerSecond":30,"keys":[
{"frame":1,"values":[1,0,0,0,0,1,0,0,0,0,1,0,0.7527,0.7686,0.0065,1]},
{"frame":5,"values":[1,0,0,0,0,1,0,0,0,0,1,0,0.7527,0.7685,0.0065,1]},
{"frame":6,"values":[1,0,0,0,0,1,0,0,0,0,1,0,0.7527,0.7686,0.0065,1]},
{"frame":7,"values":[1,0,0,0,0,1,0,0,0,0,1,0,0.7527,0.7685,0.0065,1]},
{"frame":8,"values":[1,0,0,0,0,1,0,0,0,0,1,0,0.7526,0.7685,0.0065,1]},
{"frame":9,"values":[1,0,0,0,0,1,0,0,0,0,1,0,0.7527,0.7686,0.0066,1]},
{"frame":10,"values":[1,0,0,0,0,1,0,0,0,0,1,0,0.7527,0.7686,0.0065,1]},
{"frame":16,"values":[1,0,0,0,0,1,0,0,0,0,1,0,0.7527,0.7686,0.0065,1]},
{"frame":31,"values":[1,0,0,0,0,1,0,0,0,0,1,0,0.7527,0.7686,0.0065,1]},
{"frame":32,"values":[1,0,0,0,0,1,0,0,0,0,1,0,0.7527,0.7686,0.0065,1]}],"loopBehavior":1,"name":"anim","property":"_matrix"}},
{"name":"mixamorig:RightShoulder","index":15,"matrix":[0.0012,0,1,0,-0.9667,-0.2559,0.0012,0,0.2559,-0.9667,-0.0003,0,-16.6584,42.1327,0.0199,1],"rest":[0.0012,0,1,0,-0.9655,-0.2605,0.0012,0,0.2605,-0.9655,-0.0003,0,-16.6585,42.1327,0.0199,1],"parentBoneIndex":3,"length":34.2156
,"animation":{"dataType":3,"framePerSecond":30,"keys":[
{"frame":1,"values":[0.3034,-0.1464,0.9416,0,-0.9256,-0.2801,0.2547,0,0.2264,-0.9488,-0.2204,0,-16.6584,42.1327,0.0199,1]},
{"frame":2,"values":[0.3235,-0.1409,0.9357,0,-0.9197,-0.2792,0.276,0,0.2223,-0.9498,-0.22,0,-16.6585,42.1327,0.0199,1]},
{"frame":3,"values":[0.3632,-0.1636,0.9172,0,-0.9084,-0.2812,0.3095,0,0.2072,-0.9456,-0.2507,0,-16.6584,42.1327,0.0199,1]},
{"frame":4,"values":[0.4042,-0.2076,0.8908,0,-0.8961,-0.2851,0.3401,0,0.1834,-0.9357,-0.3013,0,-16.6585,42.1327,0.0199,1]},
{"frame":5,"values":[0.423,-0.2281,0.8769,0,-0.8887,-0.2931,0.3525,0,0.1766,-0.9285,-0.3267,0,-16.6585,42.1327,0.0199,1]},
{"frame":6,"values":[0.4009,-0.2282,0.8872,0,-0.8984,-0.2874,0.332,0,0.1792,-0.9302,-0.3202,0,-16.6585,42.1327,0.0199,1]},
{"frame":7,"values":[0.3803,-0.2214,0.898,0,-0.9054,-0.2871,0.3127,0,0.1886,-0.932,-0.3097,0,-16.6584,42.1327,0.0199,1]},
{"frame":8,"values":[0.3732,-0.2209,0.901,0,-0.9078,-0.2872,0.3056,0,0.1913,-0.932,-0.3078,0,-16.6584,42.1327,0.0199,1]},
{"frame":9,"values":[0.3876,-0.2219,0.8947,0,-0.9029,-0.287,0.32,0,0.1858,-0.9319,-0.3116,0,-16.6585,42.1327,0.0199,1]},
{"frame":10,"values":[0.4129,-0.2263,0.8822,0,-0.8938,-0.2869,0.3447,0,0.1751,-0.9309,-0.3207,0,-16.6584,42.1327,0.0199,1]},
{"frame":11,"values":[0.4295,-0.2236,0.8749,0,-0.887,-0.2862,0.3623,0,0.1693,-0.9317,-0.3213,0,-16.6585,42.1327,0.0199,1]},
{"frame":12,"values":[0.4168,-0.2076,0.885,0,-0.8912,-0.2848,0.353,0,0.1788,-0.9358,-0.3037,0,-16.6585,42.1327,0.0199,1]},
{"frame":13,"values":[0.3815,-0.1965,0.9032,0,-0.9038,-0.2845,0.3198,0,0.1941,-0.9383,-0.2861,0,-16.6585,42.1327,0.0199,1]},
{"frame":14,"values":[0.3272,-0.1693,0.9297,0,-0.9198,-0.2824,0.2723,0,0.2164,-0.9442,-0.2481,0,-16.6584,42.1327,0.0199,1]},
{"frame":15,"values":[0.2994,-0.152,0.9419,0,-0.9268,-0.2808,0.2493,0,0.2266,-0.9477,-0.2249,0,-16.6585,42.1327,0.0199,1]},
{"frame":16,"values":[0.3034,-0.1464,0.9416,0,-0.9256,-0.2801,0.2547,0,0.2264,-0.9488,-0.2204,0,-16.6585,42.1327,0.0199,1]},
{"frame":31,"values":[0.0012,0,1,0,-0.9667,-0.2559,0.0012,0,0.2559,-0.9667,-0.0003,0,-16.6584,42.1327,0.0199,1]},
{"frame":32,"values":[0.0012,0,1,0,-0.9667,-0.2559,0.0012,0,0.2559,-0.9667,-0.0003,0,-16.6584,42.1327,0.0199,1]}],"loopBehavior":1,"name":"anim","property":"_matrix"}},
{"name":"mixamorig:RightArm","index":16,"matrix":[1,0.0014,0.0006,0,-0.0012,0.9667,-0.2559,0,-0.0009,0.2559,0.9667,0,0,34.2156,0,1],"rest":[1,0.0039,0,0,-0.0038,0.9756,-0.2196,0,-0.0009,0.2196,0.9756,0,0,34.2156,0,1],"parentBoneIndex":15,"length":75.9425
,"animation":{"dataType":3,"framePerSecond":30,"keys":[
{"frame":1,"values":[0.7219,-0.6852,-0.097,0,0.689,0.7247,0.0081,0,0.0647,-0.0727,0.9953,0,0,34.2156,0,1]},
{"frame":2,"values":[0.7639,-0.6358,-0.1104,0,0.6436,0.7631,0.0586,0,0.047,-0.1158,0.9922,0,0,34.2156,0,1]},
{"frame":3,"values":[0.8211,-0.543,-0.1761,0,0.5661,0.8143,0.1284,0,0.0737,-0.2052,0.976,0,0,34.2156,0,1]},
{"frame":4,"values":[0.8131,-0.5293,-0.2422,0,0.5746,0.7967,0.1876,0,0.0937,-0.2917,0.9519,0,0,34.2156,0,1]},
{"frame":5,"values":[0.7674,-0.5918,-0.2465,0,0.638,0.7431,0.2022,0,0.0635,-0.3124,0.9478,0,0,34.2156,0,1]},
{"frame":6,"values":[0.7311,-0.6401,-0.2363,0,0.6809,0.707,0.1912,0,0.0447,-0.3006,0.9527,0,0,34.2156,0,1]},
{"frame":7,"values":[0.7014,-0.6765,-0.2244,0,0.7113,0.6845,0.1596,0,0.0456,-0.2716,0.9613,0,0,34.2156,0,1]},
{"frame":8,"values":[0.6612,-0.7197,-0.2117,0,0.7481,0.6537,0.1143,0,0.0561,-0.234,0.9706,0,0,34.2156,0,1]},
{"frame":9,"values":[0.6386,-0.7474,-0.1831,0,0.7676,0.6354,0.0835,0,0.0539,-0.1939,0.9795,0,0,34.2156,0,1]},
{"frame":10,"values":[0.6458,-0.7518,-0.1333,0,0.7627,0.6434,0.0664,0,0.0358,-0.1446,0.9888,0,0,34.2156,0,1]},
{"frame":11,"values":[0.6536,-0.751,-0.0939,0,0.7568,0.6491,0.0764,0,0.0035,-0.121,0.9926,0,0,34.2156,0,1]},
{"frame":12,"values":[0.6305,-0.7719,-0.0818,0,0.7758,0.6234,0.0975,0,-0.0243,-0.1249,0.9919,0,0,34.2156,0,1]},
{"frame":13,"values":[0.6176,-0.7822,-0.0819,0,0.7865,0.6138,0.0683,0,-0.0031,-0.1066,0.9943,0,0,34.2156,0,1]},
{"frame":14,"values":[0.6298,-0.769,-0.1094,0,0.7764,0.6275,0.0593,0,0.0231,-0.1223,0.9922,0,0,34.2156,0,1]},
{"frame":15,"values":[0.6726,-0.7311,-0.1144,0,0.7385,0.6728,0.0428,0,0.0457,-0.1133,0.9925,0,0,34.2156,0,1]},
{"frame":16,"values":[0.7219,-0.6852,-0.0969,0,0.689,0.7247,0.0082,0,0.0646,-0.0727,0.9953,0,0,34.2156,0,1]},
{"frame":31,"values":[1,0.0014,0.0006,0,-0.0012,0.9667,-0.2559,0,-0.0009,0.2559,0.9667,0,0,34.2156,0,1]},
{"frame":32,"values":[1,0.0014,0.0006,0,-0.0012,0.9667,-0.2559,0,-0.0009,0.2559,0.9667,0,0,34.2156,0,1]}],"loopBehavior":1,"name":"anim","property":"_matrix"}},
{"name":"mixamorig:RightForeArm","index":17,"matrix":[1,0,-0.0009,0,0,1,0,0,0.0009,0,1,0,0,75.9425,-0.0001,1],"rest":[1,-0.0024,-0.0003,0,0.0024,0.9993,-0.0369,0,0.001,0.0372,1.0071,0,0,75.9425,-0.0001,1],"parentBoneIndex":16,"length":74.7997
,"animation":{"dataType":3,"framePerSecond":30,"keys":[
{"frame":1,"values":[-0.3129,-0.913,-0.2618,0,0.9493,-0.2922,-0.1156,0,0.0291,-0.2847,0.9582,0,0,75.9426,-0.0001,1]},
{"frame":2,"values":[-0.3086,-0.9133,-0.2658,0,0.9507,-0.2874,-0.1162,0,0.0297,-0.2885,0.957,0,0,75.9425,-0.0001,1]},
{"frame":3,"values":[-0.391,-0.8796,-0.2709,0,0.9204,-0.3752,-0.1099,0,-0.005,-0.2923,0.9563,0,0,75.9426,-0.0001,1]},
{"frame":4,"values":[-0.3943,-0.8785,-0.2698,0,0.919,-0.3788,-0.1098,0,-0.0057,-0.2912,0.9566,0,0,75.9425,0,1]},
{"frame":5,"values":[-0.3614,-0.8952,-0.2609,0,0.9324,-0.3437,-0.1122,0,0.0108,-0.2838,0.9588,0,0,75.9425,0,1]},
{"frame":6,"values":[-0.3308,-0.9078,-0.2579,0,0.9434,-0.3114,-0.1141,0,0.0232,-0.2811,0.9594,0,0,75.9426,-0.0001,1]},
{"frame":7,"values":[-0.3109,-0.9135,-0.2623,0,0.95,-0.2903,-0.115,0,0.0289,-0.2849,0.9581,0,0,75.9425,-0.0001,1]},
{"frame":8,"values":[-0.2817,-0.9207,-0.2702,0,0.9588,-0.2591,-0.1168,0,0.0376,-0.2919,0.9557,0,0,75.9425,-0.0001,1]},
{"frame":9,"values":[-0.2664,-0.9222,-0.2802,0,0.963,-0.242,-0.1188,0,0.0418,-0.3015,0.9526,0,0,75.9425,-0.0001,1]},
{"frame":10,"values":[-0.2704,-0.9161,-0.2962,0,0.962,-0.245,-0.1205,0,0.0378,-0.3175,0.9475,0,0,75.9425,-0.0001,1]},
{"frame":11,"values":[-0.2667,-0.9194,-0.289,0,0.9629,-0.2416,-0.1199,0,0.0404,-0.3103,0.9498,0,0,75.9425,0,1]},
{"frame":12,"values":[-0.2335,-0.9327,-0.2749,0,0.9708,-0.2073,-0.121,0,0.0559,-0.2951,0.9538,0,0,75.9425,-0.0001,1]},
{"frame":13,"values":[-0.2261,-0.9369,-0.2665,0,0.9722,-0.2,-0.1215,0,0.0606,-0.2866,0.9561,0,0,75.9425,-0.0001,1]},
{"frame":14,"values":[-0.2131,-0.9408,-0.2638,0,0.9748,-0.1865,-0.1223,0,0.0659,-0.2832,0.9568,0,0,75.9425,0,1]},
{"frame":15,"values":[-0.2445,-0.9328,-0.265,0,0.9682,-0.2196,-0.1202,0,0.0539,-0.2859,0.9567,0,0,75.9425,-0.0001,1]},
{"frame":16,"values":[-0.3129,-0.913,-0.2617,0,0.9493,-0.2922,-0.1156,0,0.0291,-0.2846,0.9582,0,0,75.9426,-0.0001,1]},
{"frame":31,"values":[1,0,-0.0009,0,0,1,0,0,0.0009,0,1,0,0,75.9425,-0.0001,1]},
{"frame":32,"values":[1,0,-0.0009,0,0,1,0,0,0.0009,0,1,0,0,75.9425,-0.0001,1]}],"loopBehavior":1,"name":"anim","property":"_matrix"}},
{"name":"mixamorig:RightHand","index":18,"matrix":[1,0,0.0003,0,0,1,0,0,-0.0003,0,1,0,0,74.7997,0,1],"rest":[0.9998,0.0208,0.0003,0,-0.0209,0.9985,0.0501,0,0.0002,-0.0505,0.991,0,0,74.7997,0,1],"parentBoneIndex":17,"length":23.0498
,"animation":{"dataType":3,"framePerSecond":30,"keys":[
{"frame":1,"values":[0.9208,-0.144,-0.3625,0,0.0498,0.9652,-0.2568,0,0.3869,0.2184,0.8959,0,0,74.7997,0,1]},
{"frame":2,"values":[0.9273,-0.1586,-0.3391,0,0.0576,0.9555,-0.2895,0,0.3699,0.2489,0.8951,0,0,74.7997,0,1]},
{"frame":3,"values":[0.9509,-0.1564,-0.267,0,0.0698,0.949,-0.3074,0,0.3015,0.2736,0.9134,0,0,74.7997,0,1]},
{"frame":4,"values":[0.9638,-0.1593,-0.214,0,0.0991,0.9585,-0.2675,0,0.2477,0.2366,0.9395,0,0,74.7997,0,1]},
{"frame":5,"values":[0.9658,-0.1585,-0.205,0,0.1125,0.9692,-0.219,0,0.2334,0.1884,0.954,0,0,74.7997,0,1]},
{"frame":6,"values":[0.9548,-0.1771,-0.2389,0,0.1382,0.9756,-0.1708,0,0.2633,0.13,0.9559,0,0,74.7997,0,1]},
{"frame":7,"values":[0.9501,-0.1695,-0.262,0,0.1389,0.9816,-0.1311,0,0.2794,0.0882,0.9561,0,0,74.7997,0,1]},
{"frame":8,"values":[0.9465,-0.1495,-0.286,0,0.1279,0.9874,-0.0929,0,0.2962,0.0514,0.9537,0,0,74.7997,0,1]},
{"frame":9,"values":[0.9457,-0.1283,-0.2987,0,0.1131,0.9913,-0.0679,0,0.3048,0.0304,0.9519,0,0,74.7997,0,1]},
{"frame":10,"values":[0.9497,-0.1217,-0.2886,0,0.107,0.9921,-0.0661,0,0.2944,0.0319,0.9552,0,0,74.7997,0,1]},
{"frame":11,"values":[0.9515,-0.1105,-0.2871,0,0.1007,0.9937,-0.0488,0,0.2907,0.0175,0.9567,0,0,74.7997,0,1]},
{"frame":12,"values":[0.9546,-0.1009,-0.2802,0,0.1008,0.9948,-0.0147,0,0.2802,-0.0142,0.9598,0,0,74.7997,0,1]},
{"frame":13,"values":[0.9558,-0.1063,-0.2741,0,0.0957,0.9941,-0.052,0,0.278,0.0234,0.9603,0,0,74.7997,0,1]},
{"frame":14,"values":[0.9441,-0.1146,-0.3091,0,0.0812,0.9896,-0.1188,0,0.3194,0.0871,0.9436,0,0,74.7997,0,1]},
{"frame":15,"values":[0.9303,-0.1323,-0.3422,0,0.0683,0.9789,-0.1928,0,0.3605,0.156,0.9196,0,-0.0001,74.7997,0,1]},
{"frame":16,"values":[0.9208,-0.144,-0.3626,0,0.0499,0.9652,-0.2568,0,0.3869,0.2183,0.8959,0,0,74.7997,0,1]},
{"frame":31,"values":[1,0,0.0003,0,0,1,0,0,-0.0003,0,1,0,0,74.7997,0,1]},
{"frame":32,"values":[1,0,0.0003,0,0,1,0,0,-0.0003,0,1,0,0,74.7997,0,1]}],"loopBehavior":1,"name":"anim","property":"_matrix"}},
{"name":"mixamorig:RightHandIndex1","index":19,"matrix":[-0.993,0,-0.1184,0,0,1,0,0,0.1184,0,-0.993,0,0,23.0498,0,1],"rest":[-0.993,0,-0.1184,0,0.0841,0.7042,-0.705,0,0.0834,-0.71,-0.6992,0,0,23.0498,0,1],"parentBoneIndex":18,"length":5.2181
,"animation":{"dataType":3,"framePerSecond":30,"keys":[
{"frame":1,"values":[-0.996,-0.0681,-0.0585,0,-0.0151,0.7693,-0.6387,0,0.0885,-0.6353,-0.7672,0,0,23.0498,0,1]},
{"frame":16,"values":[-0.996,-0.0681,-0.0585,0,-0.0151,0.7693,-0.6387,0,0.0885,-0.6353,-0.7672,0,0,23.0498,0,1]},
{"frame":31,"values":[-0.993,0,-0.1184,0,0,1,0,0,0.1184,0,-0.993,0,0,23.0498,0,1]},
{"frame":32,"values":[-0.993,0,-0.1184,0,0,1,0,0,0.1184,0,-0.993,0,0,23.0498,0,1]}],"loopBehavior":1,"name":"anim","property":"_matrix"}},
